;============================ SPDUST.2 ===============================
;
;    Rotational emission from a population of spinning dust grains,
;    as described by Ali-Haimoud, Hirata & Dickinson, 2009, MNRAS, 395, 1055
;    and in Silsbee, Ali-Haimoud & Hirata, 2010
;    for an environment with parameters given below. 
;
;    nH = 100000.00 cm^-3
;    T = 300.00000 K
;    Chi = 3000.0000
;    xh = 0.00010000000
;    xC = 0.00020000000
;    mu(1E-7 cm) = 9.67471 debye (this corresponds to beta = 0.40000001 debye)
;
;
    Diklike grains are asssumed to be randomly oriented with respect to their angular momentum vector.
;
;=====================================================================
;
;nu(GHz)       j_nu/nH(Jy sr-1 cm2/H)     
;
     0.050230790   9.5020832e-29
     0.050695569   1.0037587e-28
     0.051164650   1.0603182e-28
     0.051638070   1.1200556e-28
     0.052115871   1.1831485e-28
     0.052598094   1.2497847e-28
     0.053084778   1.3201623e-28
     0.053575965   1.3944906e-28
     0.054071698   1.4729904e-28
     0.054572017   1.5558947e-28
     0.055076965   1.6434497e-28
     0.055586586   1.7359150e-28
     0.056100923   1.8335647e-28
     0.056620018   1.9366881e-28
     0.057143917   2.0455908e-28
     0.057672663   2.1605947e-28
     0.058206301   2.2820402e-28
     0.058744878   2.4102864e-28
     0.059288437   2.5459000e-28
     0.059837027   2.6889151e-28
     0.060390692   2.8399322e-28
     0.060949480   2.9993961e-28
     0.061513439   3.1677767e-28
     0.062082615   3.3455697e-28
     0.062657059   3.5332987e-28
     0.063236817   3.7315152e-28
     0.063821940   3.9408012e-28
     0.064412478   4.1617724e-28
     0.065008479   4.3950762e-28
     0.065609995   4.6413962e-28
     0.066217077   4.9014548e-28
     0.066829776   5.1760128e-28
     0.067448144   5.4658730e-28
     0.068072234   5.7718821e-28
     0.068702099   6.0949349e-28
     0.069337791   6.4359726e-28
     0.069979366   6.7959888e-28
     0.070626877   7.1760335e-28
     0.071280380   7.5772116e-28
     0.071939929   8.0006884e-28
     0.072605581   8.4476946e-28
     0.073277392   8.9195277e-28
     0.073955419   9.4180285e-28
     0.074639720   9.9437162e-28
     0.075330353   1.0498564e-27
     0.076027376   1.1084173e-27
     0.076730849   1.1702231e-27
     0.077440831   1.2354524e-27
     0.078157382   1.3042931e-27
     0.078880563   1.3769429e-27
     0.079610436   1.4536108e-27
     0.080347063   1.5345171e-27
     0.081090505   1.6198935e-27
     0.081840826   1.7099842e-27
     0.082598090   1.8050476e-27
     0.083362361   1.9053549e-27
     0.084133703   2.0111919e-27
     0.084912183   2.1228607e-27
     0.085697865   2.2406790e-27
     0.086490818   2.3649813e-27
     0.087291108   2.4961201e-27
     0.088098802   2.6344681e-27
     0.088913971   2.7804159e-27
     0.089736681   2.9343756e-27
     0.090567005   3.0967825e-27
     0.091405011   3.2680937e-27
     0.092250771   3.4489056e-27
     0.093104357   3.6395024e-27
     0.093965841   3.8405284e-27
     0.094835296   4.0525451e-27
     0.095712796   4.2761444e-27
     0.096598416   4.5119523e-27
     0.097492230   4.7606241e-27
     0.098394314   5.0228503e-27
     0.099304746   5.2993600e-27
      0.10022360   5.5909192e-27
      0.10115096   5.8983330e-27
      0.10208690   6.2224488e-27
      0.10303150   6.5641630e-27
      0.10398483   6.9244116e-27
      0.10494699   7.3041819e-27
      0.10591806   7.7045170e-27
      0.10689810   8.1265087e-27
      0.10788722   8.5713057e-27
      0.10888549   9.0401188e-27
      0.10989299   9.5342227e-27
      0.11090982   1.0054952e-26
      0.11193606   1.0603711e-26
      0.11297179   1.1181987e-26
      0.11401710   1.1791328e-26
      0.11507209   1.2433630e-26
      0.11613684   1.3110103e-26
      0.11721144   1.3822801e-26
      0.11829598   1.4573616e-26
      0.11939056   1.5364540e-26
      0.12049527   1.6197678e-26
      0.12161020   1.7075217e-26
      0.12273545   1.7999465e-26
      0.12387110   1.8972859e-26
      0.12501727   1.9997940e-26
      0.12617404   2.1077376e-26
      0.12734151   2.2213980e-26
      0.12851979   2.3410705e-26
      0.12970897   2.4670634e-26
      0.13090915   2.5997004e-26
      0.13212044   2.7393249e-26
      0.13334293   2.8862918e-26
      0.13457674   3.0409754e-26
      0.13582196   3.2037704e-26
      0.13707871   3.3750885e-26
      0.13834708   3.5553607e-26
      0.13962719   3.7450396e-26
      0.14091915   3.9446562e-26
      0.14222306   4.1546022e-26
      0.14353903   4.3754476e-26
      0.14486718   4.6077432e-26
      0.14620762   4.8520584e-26
      0.14756046   5.1089906e-26
      0.14892582   5.3791694e-26
      0.15030382   5.6632527e-26
      0.15169456   5.9619257e-26
      0.15309817   6.2759045e-26
      0.15451477   6.6059520e-26
      0.15594448   6.9528473e-26
      0.15738742   7.3174123e-26
      0.15884370   7.7005149e-26
      0.16031347   8.1030528e-26
      0.16179683   8.5259641e-26
      0.16329392   8.9702316e-26
      0.16480486   9.4368916e-26
      0.16632978   9.9270088e-26
      0.16786881   1.0441699e-25
      0.16942208   1.0982148e-25
      0.17098972   1.1549565e-25
      0.17257187   1.2145323e-25
      0.17416866   1.2770562e-25
      0.17578022   1.3426766e-25
      0.17740669   1.4115373e-25
      0.17904822   1.4837883e-25
      0.18070493   1.5595895e-25
      0.18237697   1.6391021e-25
      0.18406449   1.7224958e-25
      0.18576761   1.8099506e-25
      0.18748650   1.9016499e-25
      0.18922129   1.9977851e-25
      0.19097214   2.0985563e-25
      0.19273918   2.2041737e-25
      0.19452257   2.3148511e-25
      0.19632247   2.4308114e-25
      0.19813902   2.5522932e-25
      0.19997237   2.6795351e-25
      0.20182270   2.8127874e-25
      0.20369014   2.9523140e-25
      0.20557486   3.0983856e-25
      0.20747702   3.2512981e-25
      0.20939678   3.4113074e-25
      0.21133431   3.5787393e-25
      0.21328976   3.7538992e-25
      0.21526331   3.9371081e-25
      0.21725511   4.1287083e-25
      0.21926535   4.3290414e-25
      0.22129419   4.5384628e-25
      0.22334180   4.7573434e-25
      0.22540835   4.9860701e-25
      0.22749403   5.2250315e-25
      0.22959901   5.4746283e-25
      0.23172346   5.7352964e-25
      0.23386757   6.0074554e-25
      0.23603152   6.2915471e-25
      0.23821549   6.5880394e-25
      0.24041967   6.8974015e-25
      0.24264425   7.2201143e-25
      0.24488941   7.5566703e-25
      0.24715534   7.9076022e-25
      0.24944224   8.2734176e-25
      0.25175030   8.6546479e-25
      0.25407972   9.0518689e-25
      0.25643069   9.4656316e-25
      0.25880342   9.8965090e-25
      0.26119809   1.0345099e-24
      0.26361493   1.0812017e-24
      0.26605413   1.1297868e-24
      0.26851590   1.1803264e-24
      0.27100045   1.2328897e-24
      0.27350798   1.2875383e-24
      0.27603872   1.3443378e-24
      0.27859287   1.4033590e-24
      0.28117066   1.4646693e-24
      0.28377230   1.5283378e-24
      0.28639802   1.5944338e-24
      0.28904802   1.6630337e-24
      0.29172255   1.7342057e-24
      0.29442183   1.8080208e-24
      0.29714608   1.8845593e-24
      0.29989554   1.9638909e-24
      0.30267044   2.0460892e-24
      0.30547101   2.1312313e-24
      0.30829750   2.2193940e-24
      0.31115014   2.3106508e-24
      0.31402918   2.4050719e-24
      0.31693486   2.5027458e-24
      0.31986742   2.6037371e-24
      0.32282711   2.7081188e-24
      0.32581420   2.8159733e-24
      0.32882892   2.9273700e-24
      0.33187154   3.0423802e-24
      0.33494230   3.1610734e-24
      0.33804149   3.2835300e-24
      0.34116935   3.4098115e-24
      0.34432615   3.5399789e-24
      0.34751216   3.6741157e-24
      0.35072765   3.8122739e-24
      0.35397289   3.9545133e-24
      0.35724816   4.1009008e-24
      0.36055374   4.2514938e-24
      0.36388990   4.4063465e-24
      0.36725693   4.5654983e-24
      0.37065512   4.7290271e-24
      0.37408475   4.8969573e-24
      0.37754611   5.0693272e-24
      0.38103951   5.3702412e-24
      0.38456522   5.5562811e-24
      0.38812356   5.7470521e-24
      0.39171482   5.9425850e-24
      0.39533931   6.1429278e-24
      0.39899734   6.3480973e-24
      0.40268922   6.5581004e-24
      0.40641526   6.7729966e-24
      0.41017577   6.9927735e-24
      0.41397108   7.2174399e-24
      0.41780151   7.4470212e-24
      0.42166738   7.6815135e-24
      0.42556902   7.9209238e-24
      0.42950676   8.1652202e-24
      0.43348094   8.4144452e-24
      0.43749189   8.6685523e-24
      0.44153995   8.9275134e-24
      0.44562547   9.1913545e-24
      0.44974879   9.4600223e-24
      0.45391027   9.7334983e-24
      0.45811025   1.0011751e-23
      0.46234909   1.0507116e-23
      0.46662715   1.0802815e-23
      0.47094480   1.1103470e-23
      0.47530240   1.1409128e-23
      0.47970032   1.1719709e-23
      0.48413893   1.2035186e-23
      0.48861861   1.2355571e-23
      0.49313974   1.2680810e-23
      0.49770271   1.3010909e-23
      0.50230790   1.3345797e-23
      0.50695569   1.3685524e-23
      0.51164650   1.4030037e-23
      0.51638070   1.4379293e-23
      0.52115871   1.4733362e-23
      0.52598094   1.5092179e-23
      0.53084778   1.5455769e-23
      0.53575965   1.5824136e-23
      0.54071698   1.6197299e-23
      0.54572017   1.6575310e-23
      0.55076965   1.6958118e-23
      0.55586586   1.7684052e-23
      0.56100923   1.8089401e-23
      0.56620018   1.8500203e-23
      0.57143917   1.8916608e-23
      0.57672663   1.9338641e-23
      0.58206301   1.9766487e-23
      0.58744878   2.0200190e-23
      0.59288437   2.0639958e-23
      0.59837027   2.1085923e-23
      0.60390692   2.1538195e-23
      0.60949480   2.1997062e-23
      0.61513439   2.2462623e-23
      0.62082615   2.2935135e-23
      0.62657059   2.3414825e-23
      0.63236817   2.3901896e-23
      0.63821940   2.4396705e-23
      0.64412478   2.4899391e-23
      0.65008479   2.5877190e-23
      0.65609995   2.6414212e-23
      0.66217077   2.6960737e-23
      0.66829776   2.7517236e-23
      0.67448144   2.8083961e-23
      0.68072234   2.8661453e-23
      0.68702099   2.9250034e-23
      0.69337791   2.9850190e-23
      0.69979366   3.0462420e-23
      0.70626877   3.1087113e-23
      0.71280380   3.1724901e-23
      0.71939929   3.2376188e-23
      0.72605581   3.3041584e-23
      0.73277392   3.3721663e-23
      0.73955419   3.4416916e-23
      0.74639720   3.5719479e-23
      0.75330353   3.6469251e-23
      0.76027376   3.7237057e-23
      0.76730849   3.8023520e-23
      0.77440831   3.8829351e-23
      0.78157382   3.9655440e-23
      0.78880563   4.0502386e-23
      0.79610436   4.1371182e-23
      0.80347063   4.2262558e-23
      0.81090505   4.3177402e-23
      0.81840826   4.4116697e-23
      0.82598090   4.5081267e-23
      0.83362361   4.6072215e-23
      0.84133703   4.7771331e-23
      0.84912183   4.8843451e-23
      0.85697865   4.9946034e-23
      0.86490818   5.1080102e-23
      0.87291108   5.2247090e-23
      0.88098802   5.3448055e-23
      0.88913971   5.4684427e-23
      0.89736681   5.5957499e-23
      0.90567005   5.7268678e-23
      0.91405011   5.8619540e-23
      0.92250771   6.0011428e-23
      0.93104357   6.1446138e-23
      0.93965841   6.3681666e-23
      0.94835296   6.5235147e-23
      0.95712796   6.6837663e-23
      0.96598416   6.8491007e-23
      0.97492230   7.0197251e-23
      0.98394314   7.1958340e-23
      0.99304746   7.3776559e-23
       1.0022360   7.5654100e-23
       1.0115096   7.7593179e-23
       1.0208690   7.9596465e-23
       1.0303150   8.1666317e-23
       1.0398483   8.3805437e-23
       1.0494699   8.6016500e-23
       1.0591806   8.8302448e-23
       1.0689810   9.0666247e-23
       1.0788722   9.3110850e-23
       1.0888549   9.5639756e-23
       1.0989299   9.8256149e-23
       1.1090982   1.0096352e-22
       1.1193606   1.0376561e-22
       1.1297179   1.0666621e-22
       1.1401710   1.0966924e-22
       1.1507209   1.1277870e-22
       1.1613684   1.1599919e-22
       1.1721144   1.1933497e-22
       1.1829598   1.2279058e-22
       1.1939056   1.2637115e-22
       1.2049527   1.3008165e-22
       1.2161020   1.3392722e-22
       1.2273545   1.3791330e-22
       1.2387110   1.4204590e-22
       1.2501727   1.4633067e-22
       1.2617404   1.5077364e-22
       1.2734151   1.5538177e-22
       1.2851979   1.6016145e-22
       1.2970897   1.6511951e-22
       1.3090915   1.7026338e-22
       1.3212044   1.7560085e-22
       1.3334293   1.8113938e-22
       1.3457674   1.8688710e-22
       1.3582196   1.9285328e-22
       1.3707871   1.9904617e-22
       1.3834708   2.0547484e-22
       1.3962719   2.1214945e-22
       1.4091915   2.1908003e-22
       1.4222306   2.2627646e-22
       1.4353903   2.3374975e-22
       1.4486718   2.4151194e-22
       1.4620762   2.4957393e-22
       1.4756046   2.5794780e-22
       1.4892582   2.6664730e-22
       1.5030382   2.7568517e-22
       1.5169456   2.8507465e-22
       1.5309817   2.9483069e-22
       1.5451477   3.0496870e-22
       1.5594448   3.1550319e-22
       1.5738742   3.2645031e-22
       1.5884370   3.3782844e-22
       1.6031347   3.4965375e-22
       1.6179683   3.6194410e-22
       1.6329392   3.7471957e-22
       1.6480486   3.8799991e-22
       1.6632978   4.0180441e-22
       1.6786881   4.1615487e-22
       1.6942208   4.3107508e-22
       1.7098972   4.4658623e-22
       1.7257187   4.6271221e-22
       1.7416866   4.7947981e-22
       1.7578022   4.9691419e-22
       1.7740669   5.1504119e-22
       1.7904822   5.3389020e-22
       1.8070493   5.5349147e-22
       1.8237697   5.7387324e-22
       1.8406449   5.9506735e-22
       1.8576761   6.1710919e-22
       1.8748650   6.4003089e-22
       1.8922129   6.6386718e-22
       1.9097214   6.8865717e-22
       1.9273918   7.1443944e-22
       1.9452257   7.4125169e-22
       1.9632247   7.6913625e-22
       1.9813902   7.9813920e-22
       1.9997237   8.2830227e-22
       2.0182270   8.5967175e-22
       2.0369014   8.9229930e-22
       2.0557486   9.2623426e-22
       2.0747702   9.6152689e-22
       2.0939678   9.9823343e-22
       2.1133431   1.0364130e-21
       2.1328976   1.0761207e-21
       2.1526331   1.1174177e-21
       2.1725511   1.1603718e-21
       2.1926535   1.2050463e-21
       2.2129419   1.2515081e-21
       2.2334180   1.2998315e-21
       2.2540835   1.3500922e-21
       2.2749403   1.4023630e-21
       2.2959901   1.4567245e-21
       2.3172346   1.5132650e-21
       2.3386757   1.5720666e-21
       2.3603152   1.6332172e-21
       2.3821549   1.6968149e-21
       2.4041967   1.7629567e-21
       2.4264425   1.8317383e-21
       2.4488941   1.9032662e-21
       2.4715534   1.9776540e-21
       2.4944224   2.0550089e-21
       2.5175030   2.1354464e-21
       2.5407972   2.2190947e-21
       2.5643069   2.3060783e-21
       2.5880342   2.3965232e-21
       2.6119809   2.4905689e-21
       2.6361493   2.5883619e-21
       2.6605413   2.6900418e-21
       2.6851590   2.7957597e-21
       2.7100045   2.9056828e-21
       2.7350798   3.0199709e-21
       2.7603872   3.1387891e-21
       2.7859287   3.2623200e-21
       2.8117066   3.3907516e-21
       2.8377230   3.5242658e-21
       2.8639802   3.6630600e-21
       2.8904802   3.8073509e-21
       2.9172255   3.9573438e-21
       2.9442183   4.1132546e-21
       2.9714608   4.2753213e-21
       2.9989554   4.4437849e-21
       3.0267044   4.6188822e-21
       3.0547101   4.8008702e-21
       3.0829750   4.9900280e-21
       3.1115014   5.1866206e-21
       3.1402918   5.3909288e-21
       3.1693486   5.6032619e-21
       3.1986742   5.8239285e-21
       3.2282711   6.0532355e-21
       3.2581420   6.2915173e-21
       3.2882892   6.5391325e-21
       3.3187154   6.7964225e-21
       3.3494230   7.0637515e-21
       3.3804149   7.3415206e-21
       3.4116935   7.6301228e-21
       3.4432615   7.9299567e-21
       3.4751216   8.2414557e-21
       3.5072765   8.5650789e-21
       3.5397289   8.9012663e-21
       3.5724816   9.2504875e-21
       3.6055374   9.6132633e-21
       3.6388990   9.9900914e-21
       3.6725693   1.0381489e-20
       3.7065512   1.0788016e-20
       3.7408475   1.1210259e-20
       3.7754611   1.1648784e-20
       3.8103951   1.2104197e-20
       3.8456522   1.2577166e-20
       3.8812356   1.3068326e-20
       3.9171482   1.3578345e-20
       3.9533931   1.4107944e-20
       3.9899734   1.4657869e-20
       4.0268922   1.5228850e-20
       4.0641526   1.5821665e-20
       4.1017577   1.6437167e-20
       4.1397108   1.7076169e-20
       4.1780151   1.7739527e-20
       4.2166738   1.8428170e-20
       4.2556902   1.9143043e-20
       4.2950676   1.9885084e-20
       4.3348094   2.0655291e-20
       4.3749189   2.1454752e-20
       4.4153995   2.2284504e-20
       4.4562547   2.3145642e-20
       4.4974879   2.4039360e-20
       4.5391027   2.4966849e-20
       4.5811025   2.5929316e-20
       4.6234909   2.6928037e-20
       4.6662715   2.7964391e-20
       4.7094480   2.9039706e-20
       4.7530240   3.0155375e-20
       4.7970032   3.1312927e-20
       4.8413893   3.2513863e-20
       4.8861861   3.3759734e-20
       4.9313974   3.5052161e-20
       4.9770271   3.6392888e-20
       5.0230790   3.7783620e-20
       5.0695569   3.9226121e-20
       5.1164650   4.0722339e-20
       5.1638070   4.2274168e-20
       5.2115871   4.3883588e-20
       5.2598094   4.5552661e-20
       5.3084778   4.7283585e-20
       5.3575965   4.9078545e-20
       5.4071698   5.0939767e-20
       5.4572017   5.2869718e-20
       5.5076965   5.4870808e-20
       5.5586586   5.6945533e-20
       5.6100923   5.9096521e-20
       5.6620018   6.1326539e-20
       5.7143917   6.3638370e-20
       5.7672663   6.6034815e-20
       5.8206301   6.8519000e-20
       5.8744878   7.1093981e-20
       5.9288437   7.3762903e-20
       5.9837027   7.6529100e-20
       6.0390692   7.9396052e-20
       6.0949480   8.2367275e-20
       6.1513439   8.5446316e-20
       6.2082615   8.8637098e-20
       6.2657059   9.1943510e-20
       6.3236817   9.5369495e-20
       6.3821940   9.8919270e-20
       6.4412478   1.0259721e-19
       6.5008479   1.0640774e-19
       6.5609995   1.1035534e-19
       6.6217077   1.1444492e-19
       6.6829776   1.1868144e-19
       6.7448144   1.2306979e-19
       6.8072234   1.2761532e-19
       6.8702099   1.3232351e-19
       6.9337791   1.3719991e-19
       6.9979366   1.4225017e-19
       7.0626877   1.4748046e-19
       7.1280380   1.5289699e-19
       7.1939929   1.5850587e-19
       7.2605581   1.6431390e-19
       7.3277392   1.7032789e-19
       7.3955419   1.7655479e-19
       7.4639720   1.8300170e-19
       7.5330353   1.8967639e-19
       7.6027376   1.9658657e-19
       7.6730849   2.0373989e-19
       7.7440831   2.1114492e-19
       7.8157382   2.1881015e-19
       7.8880563   2.2674425e-19
       7.9610436   2.3495618e-19
       8.0347063   2.4345558e-19
       8.1090505   2.5225203e-19
       8.1840826   2.6135516e-19
       8.2598090   2.7077572e-19
       8.3362361   2.8052421e-19
       8.4133703   2.9061141e-19
       8.4912183   3.0104871e-19
       8.5697865   3.1184793e-19
       8.6490818   3.2302101e-19
       8.7291108   3.3458003e-19
       8.8098802   3.4653843e-19
       8.8913971   3.5890913e-19
       8.9736681   3.7170545e-19
       9.0567005   3.8494201e-19
       9.1405011   3.9863313e-19
       9.2250771   4.1279364e-19
       9.3104357   4.2743883e-19
       9.3965841   4.4258513e-19
       9.4835296   4.5824864e-19
       9.5712796   4.7444575e-19
       9.6598416   4.9119515e-19
       9.7492230   5.0851397e-19
       9.8394314   5.2642082e-19
       9.9304746   5.4493491e-19
       10.022360   5.6407622e-19
       10.115096   5.8386469e-19
       10.208690   6.0432093e-19
       10.303150   6.2546776e-19
       10.398483   6.4732635e-19
       10.494699   6.6991954e-19
       10.591806   6.9327196e-19
       10.689810   7.1740739e-19
       10.788722   7.4235046e-19
       10.888549   7.6812729e-19
       10.989299   7.9476529e-19
       11.090982   8.2229066e-19
       11.193606   8.5073154e-19
       11.297179   8.8011890e-19
       11.401710   9.1048120e-19
       11.507209   9.4184866e-19
       11.613684   9.7425463e-19
       11.721144   1.0077314e-18
       11.829598   1.0423112e-18
       11.939056   1.0780296e-18
       12.049527   1.1149238e-18
       12.161020   1.1530281e-18
       12.273545   1.1923802e-18
       12.387110   1.2330219e-18
       12.501727   1.2749910e-18
       12.617404   1.3183271e-18
       12.734151   1.3630752e-18
       12.851979   1.4092787e-18
       12.970897   1.4569797e-18
       13.090915   1.5062254e-18
       13.212044   1.5570656e-18
       13.334293   1.6095462e-18
       13.457674   1.6637149e-18
       13.582196   1.7196293e-18
       13.707871   1.7773380e-18
       13.834708   1.8368929e-18
       13.962719   1.8983538e-18
       14.091915   1.9617779e-18
       14.222306   2.0272203e-18
       14.353903   2.0947408e-18
       14.486718   2.1644085e-18
       14.620762   2.2362801e-18
       14.756046   2.3104173e-18
       14.892582   2.3868973e-18
       15.030382   2.4657826e-18
       15.169456   2.5471393e-18
       15.309817   2.6310446e-18
       15.451477   2.7175745e-18
       15.594448   2.8067987e-18
       15.738742   2.8987919e-18
       15.884370   2.9936463e-18
       16.031347   3.0914324e-18
       16.179683   3.1922289e-18
       16.329392   3.2961344e-18
       16.480486   3.4032291e-18
       16.632978   3.5135964e-18
       16.786881   3.6273311e-18
       16.942208   3.7445355e-18
       17.098972   3.8652910e-18
       17.257187   3.9896917e-18
       17.416866   4.1178576e-18
       17.578022   4.2498735e-18
       17.740669   4.3858359e-18
       17.904822   4.5258680e-18
       18.070493   4.6700724e-18
       18.237697   4.8185477e-18
       18.406449   4.9714073e-18
       18.576761   5.1287856e-18
       18.748650   5.2907768e-18
       18.922129   5.4574919e-18
       19.097214   5.6290808e-18
       19.273918   5.8056466e-18
       19.452257   5.9873029e-18
       19.632247   6.1741915e-18
       19.813902   6.3664496e-18
       19.997237   6.5641845e-18
       20.182270   6.7675267e-18
       20.369014   6.9766435e-18
       20.557486   7.1916439e-18
       20.747702   7.4126542e-18
       20.939678   7.6398452e-18
       21.133431   7.8733498e-18
       21.328976   8.1132922e-18
       21.526331   8.3598284e-18
       21.725511   8.6131230e-18
       21.926535   8.8733030e-18
       22.129419   9.1405082e-18
       22.334180   9.4149254e-18
       22.540835   9.6966892e-18
       22.749403   9.9859340e-18
       22.959901   1.0282849e-17
       23.172346   1.0587578e-17
       23.386757   1.0900276e-17
       23.603152   1.1221097e-17
       23.821549   1.1550221e-17
       24.041967   1.1887803e-17
       24.264425   1.2233983e-17
       24.488941   1.2588965e-17
       24.715534   1.2952884e-17
       24.944224   1.3325915e-17
       25.175030   1.3708229e-17
       25.407972   1.4099983e-17
       25.643069   1.4501369e-17
       25.880342   1.4912525e-17
       26.119809   1.5333648e-17
       26.361493   1.5764887e-17
       26.605413   1.6206433e-17
       26.851590   1.6658454e-17
       27.100045   1.7121090e-17
       27.350798   1.7594580e-17
       27.603872   1.8079057e-17
       27.859287   1.8574688e-17
       28.117066   1.9081662e-17
       28.377230   1.9600175e-17
       28.639802   2.0130393e-17
       28.904802   2.0672435e-17
       29.172255   2.1226615e-17
       29.442183   2.1793028e-17
       29.714608   2.2371815e-17
       29.989554   2.2963243e-17
       30.267044   2.3567508e-17
       30.547101   2.4184731e-17
       30.829750   2.4815065e-17
       31.115014   2.5458892e-17
       31.402918   2.6116278e-17
       31.693486   2.6787340e-17
       31.986742   2.7472428e-17
       32.282711   2.8171765e-17
       32.581420   2.8885425e-17
       32.882892   2.9613609e-17
       33.187154   3.0356785e-17
       33.494230   3.1114989e-17
       33.804149   3.1888350e-17
       34.116935   3.2677301e-17
       34.432615   3.3482116e-17
       34.751216   3.4302835e-17
       35.072765   3.5139746e-17
       35.397289   3.5993385e-17
       35.724816   3.6863809e-17
       36.055374   3.7751188e-17
       36.388990   3.8656045e-17
       36.725693   3.9578725e-17
       37.065512   4.0519310e-17
       37.408475   4.1478173e-17
       37.754611   4.2455916e-17
       38.103951   4.3452656e-17
       38.456522   4.4468713e-17
       38.812356   4.5504664e-17
       39.171482   4.6560930e-17
       39.533931   4.7637698e-17
       39.899734   4.8735514e-17
       40.268922   4.9855037e-17
       40.641526   5.0996519e-17
       41.017577   5.2160389e-17
       41.397108   5.3347397e-17
       41.780151   5.4558054e-17
       42.166738   5.5792693e-17
       42.556902   5.7052015e-17
       42.950676   5.8336884e-17
       43.348094   5.9647642e-17
       43.749189   6.0984889e-17
       44.153995   6.2349504e-17
       44.562547   6.3742281e-17
       44.974879   6.5163711e-17
       45.391027   6.6614577e-17
       45.811025   6.8095969e-17
       46.234909   6.9608468e-17
       46.662715   7.1152894e-17
       47.094480   7.2730137e-17
       47.530240   7.4341359e-17
       47.970032   7.5987197e-17
       48.413893   7.7668659e-17
       48.861861   7.9386902e-17
       49.313974   8.1142811e-17
       49.770271   8.2937442e-17
       50.230790   8.4771824e-17
       50.695569   8.6647244e-17
       51.164650   8.8564621e-17
       51.638070   9.0525059e-17
       52.115871   9.2529969e-17
       52.598094   9.4580334e-17
       53.084778   9.6677442e-17
       53.575965   9.8822335e-17
       54.071698   1.0101658e-16
       54.572017   1.0326105e-16
       55.076965   1.0555726e-16
       55.586586   1.0790641e-16
       56.100923   1.1030971e-16
       56.620018   1.1276845e-16
       57.143917   1.1528399e-16
       57.672663   1.1785758e-16
       58.206301   1.2049028e-16
       58.744878   1.2318364e-16
       59.288437   1.2593891e-16
       59.837027   1.2875709e-16
       60.390692   1.3163929e-16
       60.949480   1.3458735e-16
       61.513439   1.3760203e-16
       62.082615   1.4068423e-16
       62.657059   1.4383523e-16
       63.236817   1.4705682e-16
       63.821940   1.5034932e-16
       64.412478   1.5371349e-16
       65.008479   1.5715097e-16
       65.609995   1.6066303e-16
       66.217077   1.6424961e-16
       66.829776   1.6791160e-16
       67.448144   1.7165056e-16
       68.072234   1.7546735e-16
       68.702099   1.7936162e-16
       69.337791   1.8333425e-16
       69.979366   1.8738644e-16
       70.626877   1.9151890e-16
       71.280380   1.9573104e-16
       71.939929   2.0002373e-16
       72.605581   2.0439731e-16
       73.277392   2.0885244e-16
       73.955419   2.1338868e-16
       74.639720   2.1800644e-16
       75.330353   2.2270550e-16
       76.027376   2.2748585e-16
       76.730849   2.3234800e-16
       77.440831   2.3729107e-16
       78.157382   2.4231481e-16
       78.880563   2.4741881e-16
       79.610436   2.5260324e-16
       80.347063   2.5786710e-16
       81.090505   2.6320987e-16
       81.840826   2.6863035e-16
       82.598090   2.7412851e-16
       83.362361   2.7970294e-16
       84.133703   2.8535321e-16
       84.912183   2.9107747e-16
       85.697865   2.9687499e-16
       86.490818   3.0274375e-16
       87.291108   3.0868338e-16
       88.098802   3.1469188e-16
       88.913971   3.2076782e-16
       89.736681   3.2690853e-16
       90.567005   3.3311323e-16
       91.405011   3.3937898e-16
       92.250771   3.4570455e-16
       93.104357   3.5208721e-16
       93.965841   3.5852451e-16
       94.835296   3.6501366e-16
       95.712796   3.7155178e-16
       96.598416   3.7813680e-16
       97.492230   3.8476582e-16
       98.394314   3.9143473e-16
       99.304746   3.9814051e-16
       100.22360   4.0488032e-16
       101.15096   4.1164979e-16
       102.08690   4.1844489e-16
       103.03150   4.2526298e-16
       103.98483   4.3210016e-16
       104.94699   4.3895003e-16
       105.91806   4.4580809e-16
       106.89810   4.5267116e-16
       107.88722   4.5953674e-16
       108.88549   4.6639611e-16
       109.89299   4.7324363e-16
       110.90982   4.8007447e-16
       111.93606   4.8688860e-16
       112.97179   4.9367438e-16
       114.01710   5.0042677e-16
       115.07209   5.0713921e-16
       116.13684   5.1380917e-16
       117.21144   5.2042887e-16
       118.29598   5.2698904e-16
       119.39056   5.3348341e-16
       120.49527   5.3990767e-16
       121.61020   5.4621393e-16
       122.73545   5.5248030e-16
       123.87110   5.5742449e-16
       125.01727   5.4859326e-16
       126.17404   5.5541294e-16
       127.34151   5.6209280e-16
       128.51979   5.0531356e-16
       129.70897   5.1298770e-16
       130.90915   3.8355533e-16
       132.12044   3.9088963e-16
       133.34293   3.9819706e-16
       134.57674   2.0877552e-16
       135.82196   2.1339044e-16
       137.07871   8.3968186e-27
       138.34708   4.9645978e-27
       139.62719   2.9036759e-27
       140.91915   1.6797460e-27
       142.22306   9.6120833e-28
       143.53903   5.4380051e-28
       144.86718   3.0410365e-28
       146.20762   1.6810549e-28
       147.56046   9.1832328e-29
       148.92582   4.9556357e-29
       150.30382   2.6412815e-29
       151.69456   1.3905852e-29
       153.09817   7.2273668e-30
       154.51477   3.7072974e-30
       155.94448   1.8769017e-30
       157.38742   9.3754699e-31
       158.84370   4.6186771e-31
       160.31347   2.2434508e-31
       161.79683   1.0746233e-31
       163.29392   5.0725165e-32
       164.80486   2.3588199e-32
       166.32978   1.0806288e-32
       167.86881   4.8754712e-33
       169.42208   2.1651560e-33
       170.98972   9.4619241e-34
       172.57187   4.0698245e-34
       174.16866   1.7215664e-34
       175.78022   7.1596789e-35
       177.40669   2.9275240e-35
       179.04822   1.1765152e-35
       180.70493   4.6445688e-36
       182.37697   1.8006699e-36
       184.06449   6.8580282e-37
       185.76761   2.5637163e-37
       187.48650   9.4045071e-38
       189.22129   3.3856794e-38
       190.97214   1.1958711e-38
       192.73918   4.1421175e-39
       194.52257   1.4066106e-39
       196.32247   4.6852494e-40
       198.13902   1.5294075e-40
       199.97237   4.8916415e-41
       201.82270   1.5331812e-41
       203.69014   4.7080100e-42
       205.57486   1.4155760e-42
       207.47702   4.1664647e-43
       209.39678   1.2009759e-43
       211.33431   3.3867047e-44
       213.28976   9.3397923e-45
       215.26331   2.5188787e-45
       217.25511   6.6405409e-46
       219.26535   1.7097841e-46
       221.29419   4.2972005e-47
       223.34180   1.0545264e-47
       225.40835   2.5231343e-48
       227.49403   5.8823281e-49
       229.59901   1.3359397e-49
       231.72346   2.9538403e-50
       233.86757   6.3509629e-51
       236.03152   1.3268941e-51
       238.21549   2.6946592e-52
       240.41967   5.3105231e-53
       242.64425   1.0148927e-53
       244.88941   1.8805003e-54
       247.15534   3.3764215e-55
       249.44224   5.8672039e-56
       251.75030   9.8608555e-57
       254.07972   1.6036942e-57
       256.43069   2.5196216e-58
       258.80342   3.8217772e-59
       261.19809   5.5961407e-60
       263.61493   7.9071578e-61
       266.05413   1.0749893e-61
       268.51590       0.0000000
       271.00045       0.0000000
       273.50798       0.0000000
       276.03872       0.0000000
       278.59287       0.0000000
       281.17066       0.0000000
       283.77230       0.0000000
       286.39802       0.0000000
       289.04802       0.0000000
       291.72255       0.0000000
       294.42183       0.0000000
       297.14608       0.0000000
       299.89554       0.0000000
       302.67044       0.0000000
       305.47101       0.0000000
       308.29750       0.0000000
       311.15014       0.0000000
       314.02918       0.0000000
       316.93486       0.0000000
       319.86742       0.0000000
       322.82711       0.0000000
       325.81420       0.0000000
       328.82892       0.0000000
       331.87154       0.0000000
       334.94230       0.0000000
       338.04149       0.0000000
       341.16935       0.0000000
       344.32615       0.0000000
       347.51216       0.0000000
       350.72765       0.0000000
       353.97289       0.0000000
       357.24816       0.0000000
       360.55374       0.0000000
       363.88990       0.0000000
       367.25693       0.0000000
       370.65512       0.0000000
       374.08475       0.0000000
       377.54611       0.0000000
       381.03951       0.0000000
       384.56522       0.0000000
       388.12356       0.0000000
       391.71482       0.0000000
       395.33931       0.0000000
       398.99734       0.0000000
       402.68922       0.0000000
       406.41526       0.0000000
       410.17577       0.0000000
       413.97108       0.0000000
       417.80151       0.0000000
       421.66738       0.0000000
       425.56902       0.0000000
       429.50676       0.0000000
       433.48094       0.0000000
       437.49189       0.0000000
       441.53995       0.0000000
       445.62547       0.0000000
       449.74879       0.0000000
       453.91027       0.0000000
       458.11025       0.0000000
       462.34909       0.0000000
       466.62715       0.0000000
       470.94480       0.0000000
       475.30240       0.0000000
       479.70032       0.0000000
       484.13893       0.0000000
       488.61861       0.0000000
       493.13974       0.0000000
       497.70271       0.0000000
