;============================ SPDUST.2 ===============================
;
;    Rotational emission from a population of spinning dust grains,
;    as described by Ali-Haimoud, Hirata & Dickinson, 2009, MNRAS, 395, 1055
;    and in Silsbee, Ali-Haimoud & Hirata, 2010
;    for an environment with parameters given below. 
;
;    nH = 0.40000000 cm^-3
;    T = 6000.0000 K
;    Chi = 1.0000000
;    xh = 0.10000000
;    xC = 0.00030000000
;    mu(1E-7 cm) = 9.67471 debye (this corresponds to beta = 0.40000001 debye)
;
;
    Diklike grains are asssumed to be randomly oriented with respect to their angular momentum vector.
;
;=====================================================================
;
;nu(GHz)       j_nu/nH(Jy sr-1 cm2/H)     
;
     0.050230790   1.7212929e-28
     0.050695569   1.8178497e-28
     0.051164650   1.9197988e-28
     0.051638070   2.0274391e-28
     0.052115871   2.1410863e-28
     0.052598094   2.2610733e-28
     0.053084778   2.3877522e-28
     0.053575965   2.5214930e-28
     0.054071698   2.6626869e-28
     0.054572017   2.8117464e-28
     0.055076965   2.9691069e-28
     0.055586586   3.1352269e-28
     0.056100923   3.3105905e-28
     0.056620018   3.4957084e-28
     0.057143917   3.6911194e-28
     0.057672663   3.8973906e-28
     0.058206301   4.1151209e-28
     0.058744878   4.3449424e-28
     0.059288437   4.5875210e-28
     0.059837027   4.8435583e-28
     0.060390692   5.1137945e-28
     0.060949480   5.3990113e-28
     0.061513439   5.7000313e-28
     0.062082615   6.0177216e-28
     0.062657059   6.3529968e-28
     0.063236817   6.7068226e-28
     0.063821940   7.0802148e-28
     0.064412478   7.4742441e-28
     0.065008479   7.8900394e-28
     0.065609995   8.3287937e-28
     0.066217077   8.7917593e-28
     0.066829776   9.2802579e-28
     0.067448144   9.7956818e-28
     0.068072234   1.0339503e-27
     0.068702099   1.0913265e-27
     0.069337791   1.1518597e-27
     0.069979366   1.2157216e-27
     0.070626877   1.2830936e-27
     0.071280380   1.3541656e-27
     0.071939929   1.4291385e-27
     0.072605581   1.5082237e-27
     0.073277392   1.5916444e-27
     0.073955419   1.6796345e-27
     0.074639720   1.7724410e-27
     0.075330353   1.8703241e-27
     0.076027376   1.9735582e-27
     0.076730849   2.0824308e-27
     0.077440831   2.1972457e-27
     0.078157382   2.3183224e-27
     0.078880563   2.4459981e-27
     0.079610436   3.1311049e-27
     0.080347063   3.2937030e-27
     0.081090505   3.4647984e-27
     0.081840826   3.6448272e-27
     0.082598090   3.8342535e-27
     0.083362361   4.0335658e-27
     0.084133703   4.2432780e-27
     0.084912183   4.4639295e-27
     0.085697865   5.3885539e-27
     0.086490818   5.6587697e-27
     0.087291108   5.9427064e-27
     0.088098802   6.2410394e-27
     0.088913971   6.5544969e-27
     0.089736681   6.8838443e-27
     0.090567005   7.2298877e-27
     0.091405011   7.5934689e-27
     0.092250771   7.9754727e-27
     0.093104357   9.2479962e-27
     0.093965841   9.7023251e-27
     0.094835296   1.0179269e-26
     0.095712796   1.0679908e-26
     0.096598416   1.1205417e-26
     0.097492230   1.1757034e-26
     0.098394314   1.2336046e-26
     0.099304746   1.2943806e-26
      0.10022360   1.3581734e-26
      0.10115096   1.5304416e-26
      0.10208690   1.6046639e-26
      0.10303150   1.6825289e-26
      0.10398483   1.7642035e-26
      0.10494699   1.8498746e-26
      0.10591806   1.9397352e-26
      0.10689810   2.0339889e-26
      0.10788722   2.1328486e-26
      0.10888549   2.2365381e-26
      0.10989299   2.4697030e-26
      0.11090982   2.5884275e-26
      0.11193606   2.7128907e-26
      0.11297179   2.8433664e-26
      0.11401710   2.9801404e-26
      0.11507209   3.1235132e-26
      0.11613684   3.2737993e-26
      0.11721144   3.4313276e-26
      0.11829598   3.7334477e-26
      0.11939056   3.9116343e-26
      0.12049527   4.0983426e-26
      0.12161020   4.2939627e-26
      0.12273545   4.4989109e-26
      0.12387110   4.7136237e-26
      0.12501727   4.9385591e-26
      0.12617404   5.1741916e-26
      0.12734151   5.4210171e-26
      0.12851979   5.8318989e-26
      0.12970897   6.1084064e-26
      0.13090915   6.3979507e-26
      0.13212044   6.7011258e-26
      0.13334293   7.0185557e-26
      0.13457674   7.3508977e-26
      0.13582196   7.6988244e-26
      0.13707871   8.0630437e-26
      0.13834708   8.4442919e-26
      0.13962719   8.8433481e-26
      0.14091915   9.2610031e-26
      0.14222306   9.6980931e-26
      0.14353903   1.0155486e-25
      0.14486718   1.0634099e-25
      0.14620762   1.1134861e-25
      0.14756046   1.1658756e-25
      0.14892582   1.2206804e-25
      0.15030382   1.2780079e-25
      0.15169456   1.3379668e-25
      0.15309817   1.4006725e-25
      0.15451477   1.4662443e-25
      0.15594448   1.5348074e-25
      0.15738742   1.6064888e-25
      0.15884370   1.6814229e-25
      0.16031347   1.7597487e-25
      0.16179683   1.8416116e-25
      0.16329392   1.9271589e-25
      0.16480486   2.0165467e-25
      0.16632978   2.1099364e-25
      0.16786881   2.2074953e-25
      0.16942208   2.3093941e-25
      0.17098972   2.4158125e-25
      0.17257187   2.5269373e-25
      0.17416866   2.6429599e-25
      0.17578022   2.7640766e-25
      0.17740669   2.8904936e-25
      0.17904822   3.0224257e-25
      0.18070493   3.1600902e-25
      0.18237697   3.3037121e-25
      0.18406449   3.4535256e-25
      0.18576761   3.6097769e-25
      0.18748650   3.7727107e-25
      0.18922129   3.9425828e-25
      0.19097214   4.1196578e-25
      0.19273918   4.3042162e-25
      0.19452257   4.4965306e-25
      0.19632247   4.6968904e-25
      0.19813902   4.9055917e-25
      0.19997237   5.1229523e-25
      0.20182270   5.3492727e-25
      0.20369014   5.5848779e-25
      0.20557486   5.8300977e-25
      0.20747702   6.0852856e-25
      0.20939678   6.3507729e-25
      0.21133431   6.6269204e-25
      0.21328976   6.9140930e-25
      0.21526331   7.2126777e-25
      0.21725511   7.5230382e-25
      0.21926535   7.8455710e-25
      0.22129419   8.1806759e-25
      0.22334180   8.5287717e-25
      0.22540835   8.8902538e-25
      0.22749403   9.2655533e-25
      0.22959901   9.6551040e-25
      0.23172346   1.0059352e-24
      0.23386757   1.0478724e-24
      0.23603152   1.0913682e-24
      0.23821549   1.1364694e-24
      0.24041967   1.1832225e-24
      0.24264425   1.2316733e-24
      0.24488941   1.2818705e-24
      0.24715534   1.3338640e-24
      0.24944224   1.3877019e-24
      0.25175030   1.4434320e-24
      0.25407972   1.5011054e-24
      0.25643069   1.5607747e-24
      0.25880342   1.6224882e-24
      0.26119809   1.6862961e-24
      0.26361493   1.7522501e-24
      0.26605413   1.8204061e-24
      0.26851590   1.8908108e-24
      0.27100045   1.9635160e-24
      0.27350798   2.0385736e-24
      0.27603872   2.1160422e-24
      0.27859287   2.1959656e-24
      0.28117066   2.2783969e-24
      0.28377230   2.3633870e-24
      0.28639802   2.4509968e-24
      0.28904802   2.5412657e-24
      0.29172255   2.6342477e-24
      0.29442183   2.7299929e-24
      0.29714608   2.8285605e-24
      0.29989554   2.9299879e-24
      0.30267044   3.0343285e-24
      0.30547101   3.1416311e-24
      0.30829750   3.2519517e-24
      0.31115014   3.3653259e-24
      0.31402918   3.4818060e-24
      0.31693486   3.6014395e-24
      0.31986742   3.7242779e-24
      0.32282711   3.8503555e-24
      0.32581420   3.9797238e-24
      0.32882892   4.1124289e-24
      0.33187154   4.2485173e-24
      0.33494230   4.3880228e-24
      0.33804149   4.5309971e-24
      0.34116935   4.6774854e-24
      0.34432615   4.8275287e-24
      0.34751216   4.9811631e-24
      0.35072765   5.1384419e-24
      0.35397289   5.2994110e-24
      0.35724816   5.4641069e-24
      0.36055374   5.6325714e-24
      0.36388990   5.8048575e-24
      0.36725693   5.9810188e-24
      0.37065512   6.1610880e-24
      0.37408475   6.3451155e-24
      0.37754611   6.5331571e-24
      0.38103951   6.7252792e-24
      0.38456522   6.9215130e-24
      0.38812356   7.1219223e-24
      0.39171482   7.3265684e-24
      0.39533931   7.5355367e-24
      0.39899734   7.7488603e-24
      0.40268922   7.9666221e-24
      0.40641526   8.1888952e-24
      0.41017577   8.4157850e-24
      0.41397108   8.6473367e-24
      0.41780151   8.8836570e-24
      0.42166738   9.1248392e-24
      0.42556902   9.3710036e-24
      0.42950676   9.6222254e-24
      0.43348094   9.8786376e-24
      0.43749189   1.0140360e-23
      0.44153995   1.0407535e-23
      0.44562547   1.0680275e-23
      0.44974879   1.0958745e-23
      0.45391027   1.1243098e-23
      0.45811025   1.1533503e-23
      0.46234909   1.1830117e-23
      0.46662715   1.2133146e-23
      0.47094480   1.2442779e-23
      0.47530240   1.2759219e-23
      0.47970032   1.3082678e-23
      0.48413893   1.3413403e-23
      0.48861861   1.3751627e-23
      0.49313974   1.4097594e-23
      0.49770271   1.4451574e-23
      0.50230790   1.4813862e-23
      0.50695569   1.5184742e-23
      0.51164650   1.5564500e-23
      0.51638070   1.5953474e-23
      0.52115871   1.6352005e-23
      0.52598094   1.6760443e-23
      0.53084778   1.7179118e-23
      0.53575965   1.7608432e-23
      0.54071698   1.8048778e-23
      0.54572017   1.8500586e-23
      0.55076965   1.8964228e-23
      0.55586586   1.9440183e-23
      0.56100923   1.9928896e-23
      0.56620018   2.0430876e-23
      0.57143917   2.0946557e-23
      0.57672663   2.1476486e-23
      0.58206301   2.2021178e-23
      0.58744878   2.2581218e-23
      0.59288437   2.3157115e-23
      0.59837027   2.3749489e-23
      0.60390692   2.4358941e-23
      0.60949480   2.4986133e-23
      0.61513439   2.5631664e-23
      0.62082615   2.6296232e-23
      0.62657059   2.6980537e-23
      0.63236817   2.7685328e-23
      0.63821940   2.8411307e-23
      0.64412478   2.9159265e-23
      0.65008479   2.9930028e-23
      0.65609995   3.0724424e-23
      0.66217077   3.1543290e-23
      0.66829776   3.2387519e-23
      0.67448144   3.3258092e-23
      0.68072234   3.4155922e-23
      0.68702099   3.5082012e-23
      0.69337791   3.6037360e-23
      0.69979366   3.7023157e-23
      0.70626877   3.8040398e-23
      0.71280380   3.9090283e-23
      0.71939929   4.0173949e-23
      0.72605581   4.1292811e-23
      0.73277392   4.2447976e-23
      0.73955419   4.3640867e-23
      0.74639720   4.4872807e-23
      0.75330353   4.6145444e-23
      0.76027376   4.7460058e-23
      0.76730849   4.8818283e-23
      0.77440831   5.0221720e-23
      0.78157382   5.1672234e-23
      0.78880563   5.3171344e-23
      0.79610436   5.4720921e-23
      0.80347063   5.6322915e-23
      0.81090505   5.7979395e-23
      0.81840826   5.9692210e-23
      0.82598090   6.1463512e-23
      0.83362361   6.3295628e-23
      0.84133703   6.5190879e-23
      0.84912183   6.7151490e-23
      0.85697865   6.9179980e-23
      0.86490818   7.1279064e-23
      0.87291108   7.3451407e-23
      0.88098802   7.5699659e-23
      0.88913971   7.8026765e-23
      0.89736681   8.0435902e-23
      0.90567005   8.2930143e-23
      0.91405011   8.5512621e-23
      0.92250771   8.8186789e-23
      0.93104357   9.0956371e-23
      0.93965841   9.3824906e-23
      0.94835296   9.6796084e-23
      0.95712796   9.9873993e-23
      0.96598416   1.0306300e-22
      0.97492230   1.0636714e-22
      0.98394314   1.0979083e-22
      0.99304746   1.1333880e-22
       1.0022360   1.1701625e-22
       1.0115096   1.2082776e-22
       1.0208690   1.2477863e-22
       1.0303150   1.2887442e-22
       1.0398483   1.3312109e-22
       1.0494699   1.3752404e-22
       1.0591806   1.4208959e-22
       1.0689810   1.4682426e-22
       1.0788722   1.5173479e-22
       1.0888549   1.5682768e-22
       1.0989299   1.6211044e-22
       1.1090982   1.6759068e-22
       1.1193606   1.7327604e-22
       1.1297179   1.7917441e-22
       1.1401710   1.8529453e-22
       1.1507209   1.9164537e-22
       1.1613684   1.9823564e-22
       1.1721144   2.0507494e-22
       1.1829598   2.1217342e-22
       1.1939056   2.1954138e-22
       1.2049527   2.2718920e-22
       1.2161020   2.3512823e-22
       1.2273545   2.4337035e-22
       1.2387110   2.5192744e-22
       1.2501727   2.6081184e-22
       1.2617404   2.7003699e-22
       1.2734151   2.7961659e-22
       1.2851979   2.8956459e-22
       1.2970897   2.9989560e-22
       1.3090915   3.1062557e-22
       1.3212044   3.2177014e-22
       1.3334293   3.3334588e-22
       1.3457674   3.4537008e-22
       1.3582196   3.5786129e-22
       1.3707871   3.7083786e-22
       1.3834708   3.8431925e-22
       1.3962719   3.9832600e-22
       1.4091915   4.1287963e-22
       1.4222306   4.2800162e-22
       1.4353903   4.4371491e-22
       1.4486718   4.6004394e-22
       1.4620762   4.7701339e-22
       1.4756046   4.9464874e-22
       1.4892582   5.1297705e-22
       1.5030382   5.3202708e-22
       1.5169456   5.5182734e-22
       1.5309817   5.7240802e-22
       1.5451477   5.9380125e-22
       1.5594448   6.1604043e-22
       1.5738742   6.3915880e-22
       1.5884370   6.6319226e-22
       1.6031347   6.8817864e-22
       1.6179683   7.1415645e-22
       1.6329392   7.4116516e-22
       1.6480486   7.6924738e-22
       1.6632978   7.9844715e-22
       1.6786881   8.2880905e-22
       1.6942208   8.6038045e-22
       1.7098972   8.9321112e-22
       1.7257187   9.2735261e-22
       1.7416866   9.6285699e-22
       1.7578022   9.9978081e-22
       1.7740669   1.0381819e-21
       1.7904822   1.0781203e-21
       1.8070493   1.1196583e-21
       1.8237697   1.1628618e-21
       1.8406449   1.2077986e-21
       1.8576761   1.2545391e-21
       1.8748650   1.3031575e-21
       1.8922129   1.3537300e-21
       1.9097214   1.4063365e-21
       1.9273918   1.4610601e-21
       1.9452257   1.5179883e-21
       1.9632247   1.5772095e-21
       1.9813902   1.6388179e-21
       1.9997237   1.7029126e-21
       2.0182270   1.7695945e-21
       2.0369014   1.8389679e-21
       2.0557486   1.9111443e-21
       2.0747702   1.9862400e-21
       2.0939678   2.0643717e-21
       2.1133431   2.1456638e-21
       2.1328976   2.2302484e-21
       2.1526331   2.3182592e-21
       2.1725511   2.4098345e-21
       2.1926535   2.5051217e-21
       2.2129419   2.6042751e-21
       2.2334180   2.7074500e-21
       2.2540835   2.8148115e-21
       2.2749403   2.9265337e-21
       2.2959901   3.0427939e-21
       2.3172346   3.1637761e-21
       2.3386757   3.2896756e-21
       2.3603152   3.4206980e-21
       2.3821549   3.5570472e-21
       2.4041967   3.6989424e-21
       2.4264425   3.8466146e-21
       2.4488941   4.0003011e-21
       2.4715534   4.1602429e-21
       2.4944224   4.3266992e-21
       2.5175030   4.4999421e-21
       2.5407972   4.6802461e-21
       2.5643069   4.8678975e-21
       2.5880342   5.0632008e-21
       2.6119809   5.2664731e-21
       2.6361493   5.4780379e-21
       2.6605413   5.6982338e-21
       2.6851590   5.9274174e-21
       2.7100045   6.1659578e-21
       2.7350798   6.4142357e-21
       2.7603872   6.6726539e-21
       2.7859287   6.9416262e-21
       2.8117066   7.2215876e-21
       2.8377230   7.5129829e-21
       2.8639802   7.8162868e-21
       2.8904802   8.1319845e-21
       2.9172255   8.4605890e-21
       2.9442183   8.8026209e-21
       2.9714608   9.1586326e-21
       2.9989554   9.5291976e-21
       3.0267044   9.9149211e-21
       3.0547101   1.0316410e-20
       3.0829750   1.0734310e-20
       3.1115014   1.1169300e-20
       3.1402918   1.1622084e-20
       3.1693486   1.2093381e-20
       3.1986742   1.2583940e-20
       3.2282711   1.3094558e-20
       3.2581420   1.3626062e-20
       3.2882892   1.4179299e-20
       3.3187154   1.4755146e-20
       3.3494230   1.5354534e-20
       3.3804149   1.5978433e-20
       3.4116935   1.6627826e-20
       3.4432615   1.7303755e-20
       3.4751216   1.8007304e-20
       3.5072765   1.8739613e-20
       3.5397289   1.9501829e-20
       3.5724816   2.0295167e-20
       3.6055374   2.1120900e-20
       3.6388990   2.1980353e-20
       3.6725693   2.2874896e-20
       3.7065512   2.3805925e-20
       3.7408475   2.4774937e-20
       3.7754611   2.5783464e-20
       3.8103951   2.6833114e-20
       3.8456522   2.7925547e-20
       3.8812356   2.9062476e-20
       3.9171482   3.0245715e-20
       3.9533931   3.1477126e-20
       3.9899734   3.2758640e-20
       4.0268922   3.4092259e-20
       4.0641526   3.5480093e-20
       4.1017577   3.6924334e-20
       4.1397108   3.8427244e-20
       4.1780151   3.9991122e-20
       4.2166738   4.1618407e-20
       4.2556902   4.3311670e-20
       4.2950676   4.5073588e-20
       4.3348094   4.6906792e-20
       4.3749189   4.8814111e-20
       4.4153995   5.0798518e-20
       4.4562547   5.2863126e-20
       4.4974879   5.5011055e-20
       4.5391027   5.7245565e-20
       4.5811025   5.9570065e-20
       4.6234909   6.1988053e-20
       4.6662715   6.4503319e-20
       4.7094480   6.7119602e-20
       4.7530240   6.9840836e-20
       4.7970032   7.2671081e-20
       4.8413893   7.5614564e-20
       4.8861861   7.8675750e-20
       4.9313974   8.1859164e-20
       4.9770271   8.5169395e-20
       5.0230790   8.8611375e-20
       5.0695569   9.2190202e-20
       5.1164650   9.5911157e-20
       5.1638070   9.9779567e-20
       5.2115871   1.0380090e-19
       5.2598094   1.0798101e-19
       5.3084778   1.1232592e-19
       5.3575965   1.1684187e-19
       5.4071698   1.2153512e-19
       5.4572017   1.2641226e-19
       5.5076965   1.3148014e-19
       5.5586586   1.3674573e-19
       5.6100923   1.4221631e-19
       5.6620018   1.4789947e-19
       5.7143917   1.5380296e-19
       5.7672663   1.5993444e-19
       5.8206301   1.6630221e-19
       5.8744878   1.7291461e-19
       5.9288437   1.7978055e-19
       5.9837027   1.8690904e-19
       6.0390692   1.9430909e-19
       6.0949480   2.0199021e-19
       6.1513439   2.0996189e-19
       6.2082615   2.1823409e-19
       6.2657059   2.2681737e-19
       6.3236817   2.3572212e-19
       6.3821940   2.4495914e-19
       6.4412478   2.5453940e-19
       6.5008479   2.6447386e-19
       6.5609995   2.7477426e-19
       6.6217077   2.8545271e-19
       6.6829776   2.9652107e-19
       6.7448144   3.0799129e-19
       6.8072234   3.1987617e-19
       6.8702099   3.3218864e-19
       6.9337791   3.4494171e-19
       6.9979366   3.5814867e-19
       7.0626877   3.7182270e-19
       7.1280380   3.8597725e-19
       7.1939929   4.0062636e-19
       7.2605581   4.1578486e-19
       7.3277392   4.3146646e-19
       7.3955419   4.4768552e-19
       7.4639720   4.6445612e-19
       7.5330353   4.8179265e-19
       7.6027376   4.9971027e-19
       7.6730849   5.1822330e-19
       7.7440831   5.3734719e-19
       7.8157382   5.5709728e-19
       7.8880563   5.7748823e-19
       7.9610436   5.9853408e-19
       8.0347063   6.2024957e-19
       8.1090505   6.4264904e-19
       8.1840826   6.6574740e-19
       8.2598090   6.8956014e-19
       8.3362361   7.1410004e-19
       8.4133703   7.3938133e-19
       8.4912183   7.6541850e-19
       8.5697865   7.9222399e-19
       8.6490818   8.1981095e-19
       8.7291108   8.4819309e-19
       8.8098802   8.7738185e-19
       8.8913971   9.0738805e-19
       8.9736681   9.3822265e-19
       9.0567005   9.6989680e-19
       9.1405011   1.0024208e-18
       9.2250771   1.0358043e-18
       9.3104357   1.0700571e-18
       9.3965841   1.1051851e-18
       9.4835296   1.1411945e-18
       9.5712796   1.1780923e-18
       9.6598416   1.2158841e-18
       9.7492230   1.2545753e-18
       9.8394314   1.2941680e-18
       9.9304746   1.3346648e-18
       10.022360   1.3760658e-18
       10.115096   1.4183732e-18
       10.208690   1.4615842e-18
       10.303150   1.5056970e-18
       10.398483   1.5507076e-18
       10.494699   1.5966137e-18
       10.591806   1.6434097e-18
       10.689810   1.6910900e-18
       10.788722   1.7396434e-18
       10.888549   1.7890608e-18
       10.989299   1.8393337e-18
       11.090982   1.8904485e-18
       11.193606   1.9423925e-18
       11.297179   1.9951535e-18
       11.401710   2.0487137e-18
       11.507209   2.1030568e-18
       11.613684   2.1581665e-18
       11.721144   2.2140235e-18
       11.829598   2.2706114e-18
       11.939056   2.3279099e-18
       12.049527   2.3858969e-18
       12.161020   2.4445530e-18
       12.273545   2.5038521e-18
       12.387110   2.5637705e-18
       12.501727   2.6242846e-18
       12.617404   2.6853705e-18
       12.734151   2.7470045e-18
       12.851979   2.8091613e-18
       12.970897   2.8718181e-18
       13.090915   2.9349536e-18
       13.212044   2.9985394e-18
       13.334293   3.0625490e-18
       13.457674   3.1269580e-18
       13.582196   3.1917425e-18
       13.707871   3.2568793e-18
       13.834708   3.3223460e-18
       13.962719   3.3881259e-18
       14.091915   3.4541893e-18
       14.222306   3.5205152e-18
       14.353903   3.5870801e-18
       14.486718   3.6538636e-18
       14.620762   3.7208460e-18
       14.756046   3.7880052e-18
       14.892582   3.8553208e-18
       15.030382   3.9227728e-18
       15.169456   3.9903406e-18
       15.309817   4.0580041e-18
       15.451477   4.1257443e-18
       15.594448   4.1935391e-18
       15.738742   4.2613670e-18
       15.884370   4.3292096e-18
       16.031347   4.3970404e-18
       16.179683   4.4648370e-18
       16.329392   4.5325711e-18
       16.480486   4.6002149e-18
       16.632978   4.6677374e-18
       16.786881   4.7351119e-18
       16.942208   4.8022978e-18
       17.098972   4.8692569e-18
       17.257187   4.9359502e-18
       17.416866   5.0023323e-18
       17.578022   5.0683559e-18
       17.740669   5.1339681e-18
       17.904822   5.1991147e-18
       18.070493   5.2637365e-18
       18.237697   5.3277697e-18
       18.406449   5.3911447e-18
       18.576761   5.4537889e-18
       18.748650   5.5156257e-18
       18.922129   5.5765745e-18
       19.097214   5.6365526e-18
       19.273918   5.6954698e-18
       19.452257   5.7532336e-18
       19.632247   5.8097504e-18
       19.813902   5.8649191e-18
       19.997237   5.9186383e-18
       20.182270   5.9708061e-18
       20.369014   6.0213098e-18
       20.557486   6.0700403e-18
       20.747702   6.1168887e-18
       20.939678   6.1617413e-18
       21.133431   6.2044859e-18
       21.328976   6.2450103e-18
       21.526331   6.2832038e-18
       21.725511   6.3189581e-18
       21.926535   6.3521610e-18
       22.129419   6.3827055e-18
       22.334180   6.4104928e-18
       22.540835   6.4354150e-18
       22.749403   6.4573733e-18
       22.959901   6.4762724e-18
       23.172346   6.4920211e-18
       23.386757   6.5045374e-18
       23.603152   6.5137462e-18
       23.821549   6.5195576e-18
       24.041967   6.5218987e-18
       24.264425   6.5207022e-18
       24.488941   6.5159041e-18
       24.715534   6.5074472e-18
       24.944224   6.4952801e-18
       25.175030   6.4793576e-18
       25.407972   6.4596407e-18
       25.643069   6.4360974e-18
       25.880342   6.4087027e-18
       26.119809   6.3774390e-18
       26.361493   6.3422968e-18
       26.605413   6.3032755e-18
       26.851590   6.2603832e-18
       27.100045   6.2136381e-18
       27.350798   6.1630815e-18
       27.603872   6.1087426e-18
       27.859287   6.0506678e-18
       28.117066   5.9889237e-18
       28.377230   5.9235918e-18
       28.639802   5.8547416e-18
       28.904802   5.7824663e-18
       29.172255   5.7068723e-18
       29.442183   5.6280773e-18
       29.714608   5.5462096e-18
       29.989554   5.4614077e-18
       30.267044   5.3738200e-18
       30.547101   5.2836038e-18
       30.829750   5.1909245e-18
       31.115014   5.0959545e-18
       31.402918   4.9988731e-18
       31.693486   4.8998669e-18
       31.986742   4.7991389e-18
       32.282711   4.6968621e-18
       32.581420   4.5932300e-18
       32.882892   4.4884369e-18
       33.187154   4.3826775e-18
       33.494230   4.2761453e-18
       33.804149   4.1690397e-18
       34.116935   4.0615451e-18
       34.432615   3.9538440e-18
       34.751216   3.8461178e-18
       35.072765   3.7385430e-18
       35.397289   3.6312901e-18
       35.724816   3.5245236e-18
       36.055374   3.4184034e-18
       36.388990   3.3130797e-18
       36.725693   3.2086937e-18
       37.065512   3.1053846e-18
       37.408475   3.0032839e-18
       37.754611   2.9025012e-18
       38.103951   2.8031474e-18
       38.456522   2.7053248e-18
       38.812356   2.6091273e-18
       39.171482   2.5146404e-18
       39.533931   2.4219418e-18
       39.899734   2.3311008e-18
       40.268922   2.2421790e-18
       40.641526   2.1552352e-18
       41.017577   2.0703108e-18
       41.397108   1.9874456e-18
       41.780151   1.9066721e-18
       42.166738   1.8280167e-18
       42.556902   1.7514994e-18
       42.950676   1.6771346e-18
       43.348094   1.6049345e-18
       43.749189   1.5349014e-18
       44.153995   1.4670311e-18
       44.562547   1.4013177e-18
       44.974879   1.3377510e-18
       45.391027   1.2763167e-18
       45.811025   1.2169973e-18
       46.234909   1.1597719e-18
       46.662715   1.1046150e-18
       47.094480   1.0514993e-18
       47.530240   1.0003947e-18
       47.970032   9.5126839e-19
       48.413893   9.0408599e-19
       48.861861   8.5881080e-19
       49.313974   8.1540263e-19
       49.770271   7.7382064e-19
       50.230790   7.3402236e-19
       50.695569   6.9596586e-19
       51.164650   6.5960378e-19
       51.638070   6.2488903e-19
       52.115871   5.9177391e-19
       52.598094   5.6020970e-19
       53.084778   5.3014687e-19
       53.575965   5.0153517e-19
       54.071698   4.7432381e-19
       54.572017   4.4846158e-19
       55.076965   4.2389705e-19
       55.586586   4.0057871e-19
       56.100923   3.7845521e-19
       56.620018   3.5747549e-19
       57.143917   3.3758903e-19
       57.672663   3.1874597e-19
       58.206301   3.0089751e-19
       58.744878   2.8399592e-19
       59.288437   2.6799457e-19
       59.837027   2.5284811e-19
       60.390692   2.3851299e-19
       60.949480   2.2494732e-19
       61.513439   2.1211100e-19
       62.082615   1.9996578e-19
       62.657059   1.8847531e-19
       63.236817   1.7760515e-19
       63.821940   1.6732276e-19
       64.412478   1.5759747e-19
       65.008479   1.4840041e-19
       65.609995   1.3970443e-19
       66.217077   1.3148403e-19
       66.829776   1.2371521e-19
       67.448144   1.1637537e-19
       68.072234   1.0944321e-19
       68.702099   1.0289863e-19
       69.337791   9.6722581e-20
       69.979366   9.0896720e-20
       70.626877   8.5403639e-20
       71.280380   8.0226717e-20
       71.939929   7.5350003e-20
       72.605581   7.0758150e-20
       73.277392   6.6436376e-20
       73.955419   6.2370420e-20
       74.639720   5.8546536e-20
       75.330353   5.4951461e-20
       76.027376   5.1572413e-20
       76.730849   4.8397106e-20
       77.440831   4.5413751e-20
       78.157382   4.2611057e-20
       78.880563   3.9978251e-20
       79.610436   3.7505072e-20
       80.347063   3.5181782e-20
       81.090505   3.2999175e-20
       81.840826   3.0948572e-20
       82.598090   2.9021802e-20
       83.362361   2.7211208e-20
       84.133703   2.5509631e-20
       84.912183   2.3910351e-20
       85.697865   2.2407122e-20
       86.490818   2.0994125e-20
       87.291108   1.9665945e-20
       88.098802   1.8417545e-20
       88.913971   1.7244232e-20
       89.736681   1.6141636e-20
       90.567005   1.5105680e-20
       91.405011   1.4132552e-20
       92.250771   1.3218679e-20
       93.104357   1.2360708e-20
       93.965841   1.1555501e-20
       94.835296   1.0800059e-20
       95.712796   1.0091561e-20
       96.598416   9.4273337e-21
       97.492230   8.8048414e-21
       98.394314   8.2216754e-21
       99.304746   7.6755437e-21
       100.22360   7.1642691e-21
       101.15096   6.6857787e-21
       102.08690   6.2381010e-21
       103.03150   5.8193657e-21
       103.98483   5.4277993e-21
       104.94699   5.0617222e-21
       105.91806   4.7195463e-21
       106.89810   4.3997723e-21
       107.88722   4.1009869e-21
       108.88549   3.8218601e-21
       109.89299   3.5611444e-21
       110.90982   3.3176617e-21
       111.93606   3.0903100e-21
       112.97179   2.8780564e-21
       114.01710   2.6799325e-21
       115.07209   2.4950310e-21
       116.13684   2.3225014e-21
       117.21144   2.1615468e-21
       118.29598   2.0114200e-21
       119.39056   1.8714201e-21
       120.49527   1.7408905e-21
       121.61020   1.6192139e-21
       122.73545   1.5058108e-21
       123.87110   1.4001375e-21
       125.01727   1.3016839e-21
       126.17404   1.2099713e-21
       127.34151   1.1245511e-21
       128.51979   1.0450026e-21
       129.70897   9.7093068e-22
       130.90915   9.0196637e-22
       132.12044   8.3776441e-22
       133.34293   7.7800212e-22
       134.57674   7.2237817e-22
       135.82196   6.7061138e-22
       137.07871   6.2243953e-22
       138.34708   5.7761819e-22
       139.62719   5.3591963e-22
       140.91915   4.9713170e-22
       142.22306   4.6105677e-22
       143.53903   4.2751077e-22
       144.86718   3.9632226e-22
       146.20762   3.6733094e-22
       147.56046   3.4038759e-22
       148.92582   3.1535322e-22
       150.30382   2.9209762e-22
       151.69456   2.7049908e-22
       153.09817   2.5044407e-22
       154.51477   2.3182652e-22
       155.94448   2.1454716e-22
       157.38742   1.9851319e-22
       158.84370   1.8363791e-22
       160.31347   1.6984029e-22
       161.79683   1.5704326e-22
       163.29392   1.4517926e-22
       164.80486   1.3414385e-22
       166.32978   1.2395470e-22
       167.86881   1.1412270e-22
       169.42208   1.0541936e-22
       170.98972   9.5124837e-23
       172.57187   8.7879409e-23
       174.16866   7.3536806e-23
       175.78022   4.7401225e-23
       177.40669   3.7449057e-42
       179.04822   1.6103915e-42
       180.70493   6.8221174e-43
       182.37697   2.8467354e-43
       184.06449   1.1695773e-43
       185.76761   4.7296304e-44
       187.48650   1.8818909e-44
       189.22129   7.3650123e-45
       190.97214   2.8339911e-45
       192.73918   1.0717562e-45
       194.52257   3.9818659e-46
       196.32247   1.4527348e-46
       198.13902   5.2024555e-47
       199.97237   1.8279518e-47
       201.82270   6.2989420e-48
       203.69014   2.1277992e-48
       205.57486   7.0431961e-49
       207.47702   2.2835150e-49
       209.39678   7.2486116e-50
       211.33431   2.2518913e-50
       213.28976   6.8439788e-51
       215.26331   2.0340742e-51
       217.25511   5.9095876e-52
       219.26535   1.6779743e-52
       221.29419   4.6536273e-53
       223.34180   1.2600675e-53
       225.40835   3.3296783e-54
       227.49403   8.5825809e-55
       229.59901   2.1569017e-55
       231.72346   5.2822183e-56
       233.86757   1.2599070e-56
       236.03152   2.9251234e-57
       238.21549   6.6064065e-58
       240.41967   1.4505003e-58
       242.64425   3.0938721e-59
       244.88941   6.4062616e-60
       247.15534   1.2867572e-60
       249.44224   2.5051705e-61
       251.75030   4.7236130e-62
       254.07972   8.6187665e-63
       256.43069   1.5204713e-63
       258.80342   2.5911611e-64
       261.19809   4.2621592e-65
       263.61493   6.7623313e-66
       266.05413   1.0336637e-66
       268.51590   1.5208153e-67
       271.00045   2.1517011e-68
       273.50798   2.9247248e-69
       276.03872   3.8156669e-70
       278.59287   4.7616367e-71
       281.17066       0.0000000
       283.77230       0.0000000
       286.39802       0.0000000
       289.04802       0.0000000
       291.72255       0.0000000
       294.42183       0.0000000
       297.14608       0.0000000
       299.89554       0.0000000
       302.67044       0.0000000
       305.47101       0.0000000
       308.29750       0.0000000
       311.15014       0.0000000
       314.02918       0.0000000
       316.93486       0.0000000
       319.86742       0.0000000
       322.82711       0.0000000
       325.81420       0.0000000
       328.82892       0.0000000
       331.87154       0.0000000
       334.94230       0.0000000
       338.04149       0.0000000
       341.16935       0.0000000
       344.32615       0.0000000
       347.51216       0.0000000
       350.72765       0.0000000
       353.97289       0.0000000
       357.24816       0.0000000
       360.55374       0.0000000
       363.88990       0.0000000
       367.25693       0.0000000
       370.65512       0.0000000
       374.08475       0.0000000
       377.54611       0.0000000
       381.03951       0.0000000
       384.56522       0.0000000
       388.12356       0.0000000
       391.71482       0.0000000
       395.33931       0.0000000
       398.99734       0.0000000
       402.68922       0.0000000
       406.41526       0.0000000
       410.17577       0.0000000
       413.97108       0.0000000
       417.80151       0.0000000
       421.66738       0.0000000
       425.56902       0.0000000
       429.50676       0.0000000
       433.48094       0.0000000
       437.49189       0.0000000
       441.53995       0.0000000
       445.62547       0.0000000
       449.74879       0.0000000
       453.91027       0.0000000
       458.11025       0.0000000
       462.34909       0.0000000
       466.62715       0.0000000
       470.94480       0.0000000
       475.30240       0.0000000
       479.70032       0.0000000
       484.13893       0.0000000
       488.61861       0.0000000
       493.13974       0.0000000
       497.70271       0.0000000
