;============================ SPDUST.2 ===============================
;
;    Rotational emission from a population of spinning dust grains,
;    as described by Ali-Haimoud, Hirata & Dickinson, 2009, MNRAS, 395, 1055
;    and in Silsbee, Ali-Haimoud & Hirata, 2010
;    for an environment with parameters given below. 
;
;    nH = 10000.000 cm^-3
;    T = 10.000000 K
;    Chi = 0.00010000000
;    xh = 0.0000000
;    xC = 1.0000000e-06
;    mu(1E-7 cm) = 9.67471 debye (this corresponds to beta = 0.40000001 debye)
;
;
    Diklike grains are asssumed to be randomly oriented with respect to their angular momentum vector.
;
;=====================================================================
;
;nu(GHz)       j_nu/nH(Jy sr-1 cm2/H)     
;
     0.050230790   4.4695293e-27
     0.050695569   4.6887255e-27
     0.051164650   4.9180282e-27
     0.051638070   5.1578590e-27
     0.052115871   5.4086702e-27
     0.052598094   5.6709071e-27
     0.053084778   5.9450276e-27
     0.053575965   6.2315221e-27
     0.054071698   6.5309059e-27
     0.054572017   6.8436699e-27
     0.055076965   7.1703463e-27
     0.055586586   7.5115094e-27
     0.056100923   7.8677061e-27
     0.056620018   8.2395071e-27
     0.057143917   8.6275295e-27
     0.057672663   9.0324031e-27
     0.058206301   9.4547304e-27
     0.058744878   9.8951659e-27
     0.059288437   1.0354422e-26
     0.059837027   1.0833148e-26
     0.060390692   1.1332037e-26
     0.060949480   1.1851849e-26
     0.061513439   1.2393326e-26
     0.062082615   1.2957184e-26
     0.062657059   1.3544208e-26
     0.063236817   1.4155258e-26
     0.063821940   1.4791070e-26
     0.064412478   1.5452460e-26
     0.065008479   1.6140342e-26
     0.065609995   1.6855547e-26
     0.066217077   1.7598901e-26
     0.066829776   1.8371313e-26
     0.067448144   1.9173778e-26
     0.068072234   2.0007095e-26
     0.068702099   2.0872186e-26
     0.069337791   2.1770117e-26
     0.069979366   2.2701761e-26
     0.070626877   2.3668027e-26
     0.071280380   2.4669942e-26
     0.071939929   2.5708576e-26
     0.072605581   2.6784760e-26
     0.073277392   2.7899479e-26
     0.073955419   2.9053940e-26
     0.074639720   3.1079372e-26
     0.075330353   3.2347023e-26
     0.076027376   3.3658488e-26
     0.076730849   3.5014851e-26
     0.077440831   3.6416961e-26
     0.078157382   3.7865857e-26
     0.078880563   3.9362884e-26
     0.079610436   4.0908757e-26
     0.080347063   4.2504440e-26
     0.081090505   4.4151174e-26
     0.081840826   4.5849918e-26
     0.082598090   4.7601416e-26
     0.083362361   4.9406656e-26
     0.084133703   5.1267015e-26
     0.084912183   5.3182913e-26
     0.085697865   5.5155205e-26
     0.086490818   5.7185176e-26
     0.087291108   5.9273468e-26
     0.088098802   6.1420630e-26
     0.088913971   6.3627573e-26
     0.089736681   6.5895490e-26
     0.090567005   6.9698789e-26
     0.091405011   7.2144657e-26
     0.092250771   7.4655628e-26
     0.093104357   7.7231841e-26
     0.093965841   7.9873661e-26
     0.094835296   8.2581987e-26
     0.095712796   8.5357746e-26
     0.096598416   8.8200684e-26
     0.097492230   9.1111186e-26
     0.098394314   9.4090780e-26
     0.099304746   9.7138864e-26
      0.10022360   1.0025554e-25
      0.10115096   1.0344168e-25
      0.10208690   1.0669773e-25
      0.10303150   1.1002300e-25
      0.10398483   1.1341761e-25
      0.10494699   1.1688323e-25
      0.10591806   1.2041839e-25
      0.10689810   1.2402297e-25
      0.10788722   1.2769798e-25
      0.10888549   1.3144326e-25
      0.10989299   1.3778657e-25
      0.11090982   1.4176524e-25
      0.11193606   1.4581838e-25
      0.11297179   1.4994415e-25
      0.11401710   1.5414239e-25
      0.11507209   1.5841471e-25
      0.11613684   1.6276044e-25
      0.11721144   1.6717864e-25
      0.11829598   1.7166987e-25
      0.11939056   1.7623578e-25
      0.12049527   1.8087440e-25
      0.12161020   1.8558566e-25
      0.12273545   1.9037209e-25
      0.12387110   1.9523248e-25
      0.12501727   2.0016622e-25
      0.12617404   2.0517466e-25
      0.12734151   2.1025960e-25
      0.12851979   2.1541934e-25
      0.12970897   2.2065425e-25
      0.13090915   2.2985678e-25
      0.13212044   2.3539403e-25
      0.13334293   2.4101465e-25
      0.13457674   2.4672132e-25
      0.13582196   2.5251646e-25
      0.13707871   2.5839933e-25
      0.13834708   2.6437157e-25
      0.13962719   2.7043874e-25
      0.14091915   2.7659994e-25
      0.14222306   2.8285671e-25
      0.14353903   2.8921368e-25
      0.14486718   2.9567393e-25
      0.14620762   3.0223797e-25
      0.14756046   3.0890904e-25
      0.14892582   3.1569395e-25
      0.15030382   3.2259311e-25
      0.15169456   3.2960934e-25
      0.15309817   3.3674938e-25
      0.15451477   3.4967443e-25
      0.15594448   3.5728412e-25
      0.15738742   3.6503677e-25
      0.15884370   3.7294083e-25
      0.16031347   3.8099856e-25
      0.16179683   3.8921461e-25
      0.16329392   3.9759824e-25
      0.16480486   4.0615489e-25
      0.16632978   4.1488876e-25
      0.16786881   4.2380716e-25
      0.16942208   4.3292034e-25
      0.17098972   4.4223230e-25
      0.17257187   4.5174953e-25
      0.17416866   4.6148332e-25
      0.17578022   4.7144083e-25
      0.17740669   4.8162823e-25
      0.17904822   4.9205492e-25
      0.18070493   5.1043834e-25
      0.18237697   5.2166268e-25
      0.18406449   5.3316387e-25
      0.18576761   5.4495564e-25
      0.18748650   5.5704791e-25
      0.18922129   5.6944954e-25
      0.19097214   5.8217278e-25
      0.19273918   5.9523201e-25
      0.19452257   6.0863707e-25
      0.19632247   6.2239952e-25
      0.19813902   6.3653520e-25
      0.19997237   6.5105772e-25
      0.20182270   6.6597885e-25
      0.20369014   6.8131394e-25
      0.20557486   6.9708033e-25
      0.20747702   7.2281734e-25
      0.20939678   7.3984633e-25
      0.21133431   7.5736793e-25
      0.21328976   7.7540097e-25
      0.21526331   7.9396182e-25
      0.21725511   8.1307061e-25
      0.21926535   8.3274929e-25
      0.22129419   8.5301770e-25
      0.22334180   8.7389641e-25
      0.22540835   8.9540971e-25
      0.22749403   9.1758242e-25
      0.22959901   9.4043704e-25
      0.23172346   9.6399936e-25
      0.23386757   9.8829732e-25
      0.23603152   1.0133580e-24
      0.23821549   1.0392088e-24
      0.24041967   1.0658809e-24
      0.24264425   1.0934067e-24
      0.24488941   1.1218173e-24
      0.24715534   1.1511459e-24
      0.24944224   1.1814289e-24
      0.25175030   1.2127026e-24
      0.25407972   1.2450039e-24
      0.25643069   1.2783732e-24
      0.25880342   1.3128530e-24
      0.26119809   1.3484854e-24
      0.26361493   1.3853141e-24
      0.26605413   1.4233866e-24
      0.26851590   1.4627517e-24
      0.27100045   1.5034584e-24
      0.27350798   1.5455599e-24
      0.27603872   1.5891118e-24
      0.27859287   1.6341708e-24
      0.28117066   1.6807948e-24
      0.28377230   1.7290462e-24
      0.28639802   1.7789896e-24
      0.28904802   1.8306908e-24
      0.29172255   1.8842198e-24
      0.29442183   1.9396495e-24
      0.29714608   1.9970560e-24
      0.29989554   2.0565158e-24
      0.30267044   2.1181112e-24
      0.30547101   2.1819283e-24
      0.30829750   2.2480541e-24
      0.31115014   2.3165819e-24
      0.31402918   2.3876070e-24
      0.31693486   2.4612305e-24
      0.31986742   2.5375551e-24
      0.32282711   2.6166882e-24
      0.32581420   2.6987449e-24
      0.32882892   2.7838398e-24
      0.33187154   2.8720976e-24
      0.33494230   2.9636433e-24
      0.33804149   3.0586105e-24
      0.34116935   3.1571368e-24
      0.34432615   3.2593630e-24
      0.34751216   3.3654430e-24
      0.35072765   3.4755264e-24
      0.35397289   3.5897809e-24
      0.35724816   3.7083694e-24
      0.36055374   3.8314703e-24
      0.36388990   3.9592653e-24
      0.36725693   4.0919412e-24
      0.37065512   4.2297011e-24
      0.37408475   4.3727430e-24
      0.37754611   4.5212891e-24
      0.38103951   4.6755545e-24
      0.38456522   4.8357759e-24
      0.38812356   5.0021921e-24
      0.39171482   5.1750528e-24
      0.39533931   5.3546237e-24
      0.39899734   5.5411679e-24
      0.40268922   5.7349807e-24
      0.40641526   5.9363431e-24
      0.41017577   6.1455714e-24
      0.41397108   6.3629772e-24
      0.41780151   6.5888959e-24
      0.42166738   6.8236726e-24
      0.42556902   7.0676608e-24
      0.42950676   7.3212439e-24
      0.43348094   7.5847971e-24
      0.43749189   7.8587402e-24
      0.44153995   8.1434778e-24
      0.44562547   8.4394620e-24
      0.44974879   8.7471378e-24
      0.45391027   9.0669814e-24
      0.45811025   9.3994890e-24
      0.46234909   9.7451664e-24
      0.46662715   1.0104558e-23
      0.47094480   1.0478200e-23
      0.47530240   1.0866692e-23
      0.47970032   1.1270615e-23
      0.48413893   1.1690606e-23
      0.48861861   1.2127304e-23
      0.49313974   1.2581394e-23
      0.49770271   1.3053575e-23
      0.50230790   1.3544569e-23
      0.50695569   1.4055149e-23
      0.51164650   1.4586096e-23
      0.51638070   1.5138242e-23
      0.52115871   1.5712422e-23
      0.52598094   1.6309547e-23
      0.53084778   1.6930528e-23
      0.53575965   1.7576333e-23
      0.54071698   1.8247950e-23
      0.54572017   1.8946429e-23
      0.55076965   1.9672851e-23
      0.55586586   2.0428326e-23
      0.56100923   2.1214034e-23
      0.56620018   2.2031182e-23
      0.57143917   2.2881049e-23
      0.57672663   2.3764916e-23
      0.58206301   2.4684173e-23
      0.58744878   2.5640230e-23
      0.59288437   2.6634566e-23
      0.59837027   2.7668695e-23
      0.60390692   2.8744228e-23
      0.60949480   2.9862824e-23
      0.61513439   3.1026188e-23
      0.62082615   3.2236109e-23
      0.62657059   3.3494451e-23
      0.63236817   3.4803165e-23
      0.63821940   3.6164217e-23
      0.64412478   3.7579720e-23
      0.65008479   3.9051834e-23
      0.65609995   4.0582835e-23
      0.66217077   4.2175014e-23
      0.66829776   4.3830840e-23
      0.67448144   4.5552843e-23
      0.68072234   4.7343642e-23
      0.68702099   4.9205934e-23
      0.69337791   5.1142576e-23
      0.69979366   5.3156544e-23
      0.70626877   5.5250847e-23
      0.71280380   5.7428675e-23
      0.71939929   5.9693324e-23
      0.72605581   6.2048279e-23
      0.73277392   6.4497008e-23
      0.73955419   6.7043253e-23
      0.74639720   6.9690854e-23
      0.75330353   7.2443846e-23
      0.76027376   7.5306277e-23
      0.76730849   7.8282491e-23
      0.77440831   8.1376987e-23
      0.78157382   8.4594400e-23
      0.78880563   8.7939495e-23
      0.79610436   9.1417271e-23
      0.80347063   9.5033017e-23
      0.81090505   9.8792044e-23
      0.81840826   1.0269994e-22
      0.82598090   1.0676251e-22
      0.83362361   1.1098592e-22
      0.84133703   1.1537628e-22
      0.84912183   1.1994013e-22
      0.85697865   1.2468421e-22
      0.86490818   1.2961562e-22
      0.87291108   1.3474152e-22
      0.88098802   1.4006941e-22
      0.88913971   1.4560725e-22
      0.89736681   1.5136320e-22
      0.90567005   1.5734555e-22
      0.91405011   1.6356299e-22
      0.92250771   1.7002485e-22
      0.93104357   1.7674046e-22
      0.93965841   1.8371949e-22
      0.94835296   1.9097204e-22
      0.95712796   1.9850888e-22
      0.96598416   2.0634081e-22
      0.97492230   2.1447906e-22
      0.98394314   2.2293539e-22
      0.99304746   2.3172221e-22
       1.0022360   2.4085199e-22
       1.0115096   2.5033765e-22
       1.0208690   2.6019305e-22
       1.0303150   2.7043241e-22
       1.0398483   2.8107013e-22
       1.0494699   2.9212118e-22
       1.0591806   3.0360163e-22
       1.0689810   3.1552799e-22
       1.0788722   3.2791673e-22
       1.0888549   3.4078525e-22
       1.0989299   3.5415214e-22
       1.1090982   3.6803641e-22
       1.1193606   3.8245707e-22
       1.1297179   3.9743441e-22
       1.1401710   4.1298985e-22
       1.1507209   4.2914525e-22
       1.1613684   4.4592241e-22
       1.1721144   4.6334503e-22
       1.1829598   4.8143779e-22
       1.1939056   5.0022572e-22
       1.2049527   5.1973402e-22
       1.2161020   5.3999020e-22
       1.2273545   5.6102285e-22
       1.2387110   5.8286043e-22
       1.2501727   6.0553219e-22
       1.2617404   6.2906971e-22
       1.2734151   6.5350636e-22
       1.2851979   6.7887411e-22
       1.2970897   7.0520729e-22
       1.3090915   7.3254237e-22
       1.3212044   7.6091752e-22
       1.3334293   7.9036935e-22
       1.3457674   8.2093764e-22
       1.3582196   8.5266466e-22
       1.3707871   8.8559365e-22
       1.3834708   9.1976669e-22
       1.3962719   9.5523002e-22
       1.4091915   9.9203255e-22
       1.4222306   1.0302232e-21
       1.4353903   1.0698507e-21
       1.4486718   1.1109680e-21
       1.4620762   1.1536322e-21
       1.4756046   1.1978979e-21
       1.4892582   1.2438218e-21
       1.5030382   1.2914648e-21
       1.5169456   1.3408929e-21
       1.5309817   1.3921676e-21
       1.5451477   1.4453547e-21
       1.5594448   1.5005246e-21
       1.5738742   1.5577524e-21
       1.5884370   1.6171076e-21
       1.6031347   1.6786664e-21
       1.6179683   1.7425108e-21
       1.6329392   1.8087248e-21
       1.6480486   1.8773887e-21
       1.6632978   1.9485897e-21
       1.6786881   2.0224237e-21
       1.6942208   2.0989840e-21
       1.7098972   2.1783631e-21
       1.7257187   2.2606608e-21
       1.7416866   2.3459882e-21
       1.7578022   2.4344499e-21
       1.7740669   2.5261524e-21
       1.7904822   2.6212108e-21
       1.8070493   2.7197518e-21
       1.8237697   2.8218938e-21
       1.8406449   2.9277581e-21
       1.8576761   3.0374774e-21
       1.8748650   3.1511964e-21
       1.8922129   3.2690476e-21
       1.9097214   3.3911708e-21
       1.9273918   3.5177206e-21
       1.9452257   3.6488584e-21
       1.9632247   3.7847350e-21
       1.9813902   3.9255099e-21
       1.9997237   4.0713623e-21
       2.0182270   4.2224716e-21
       2.0369014   4.3790095e-21
       2.0557486   4.5411589e-21
       2.0747702   4.7091277e-21
       2.0939678   4.8831148e-21
       2.1133431   5.0633154e-21
       2.1328976   5.2499401e-21
       2.1526331   5.4432233e-21
       2.1725511   5.6433906e-21
       2.1926535   5.8506609e-21
       2.2129419   6.0652775e-21
       2.2334180   6.2875069e-21
       2.2540835   6.5176021e-21
       2.2749403   6.7558107e-21
       2.2959901   7.0024120e-21
       2.3172346   7.2577076e-21
       2.3386757   7.5219759e-21
       2.3603152   7.7955015e-21
       2.3821549   8.0786045e-21
       2.4041967   8.3716240e-21
       2.4264425   8.6748697e-21
       2.4488941   8.9886675e-21
       2.4715534   9.3133842e-21
       2.4944224   9.6493947e-21
       2.5175030   9.9970443e-21
       2.5407972   1.0356704e-20
       2.5643069   1.0728795e-20
       2.5880342   1.1113731e-20
       2.6119809   1.1511900e-20
       2.6361493   1.1923725e-20
       2.6605413   1.2349681e-20
       2.6851590   1.2790231e-20
       2.7100045   1.3245801e-20
       2.7350798   1.3716873e-20
       2.7603872   1.4203985e-20
       2.7859287   1.4707646e-20
       2.8117066   1.5228337e-20
       2.8377230   1.5766602e-20
       2.8639802   1.6323053e-20
       2.8904802   1.6898235e-20
       2.9172255   1.7492695e-20
       2.9442183   1.8107045e-20
       2.9714608   1.8741970e-20
       2.9989554   1.9398060e-20
       3.0267044   2.0075934e-20
       3.0547101   2.0776294e-20
       3.0829750   2.1499884e-20
       3.1115014   2.2247353e-20
       3.1402918   2.3019391e-20
       3.1693486   2.3816795e-20
       3.1986742   2.4640371e-20
       3.2282711   2.5490830e-20
       3.2581420   2.6368944e-20
       3.2882892   2.7275619e-20
       3.3187154   2.8211726e-20
       3.3494230   2.9178039e-20
       3.3804149   3.0175421e-20
       3.4116935   3.1204881e-20
       3.4432615   3.2267347e-20
       3.4751216   3.3363666e-20
       3.5072765   3.4494807e-20
       3.5397289   3.5661904e-20
       3.5724816   3.6865924e-20
       3.6055374   3.8107800e-20
       3.6388990   3.9388627e-20
       3.6725693   4.0709622e-20
       3.7065512   4.2071804e-20
       3.7408475   4.3476195e-20
       3.7754611   4.4924038e-20
       3.8103951   4.6416618e-20
       3.8456522   4.7955025e-20
       3.8812356   4.9540376e-20
       3.9171482   5.1174058e-20
       3.9533931   5.2857414e-20
       3.9899734   5.4591577e-20
       4.0268922   5.6377783e-20
       4.0641526   5.8217544e-20
       4.1017577   6.0112289e-20
       4.1397108   6.2063177e-20
       4.1780151   6.4071588e-20
       4.2166738   6.6139174e-20
       4.2556902   6.8267369e-20
       4.2950676   7.0457376e-20
       4.3348094   7.2710743e-20
       4.3749189   7.5029181e-20
       4.4153995   7.7414177e-20
       4.4562547   7.9866985e-20
       4.4974879   8.2389342e-20
       4.5391027   8.4982982e-20
       4.5811025   8.7649422e-20
       4.6234909   9.0389971e-20
       4.6662715   9.3206485e-20
       4.7094480   9.6100756e-20
       4.7530240   9.9074260e-20
       4.7970032   1.0212846e-19
       4.8413893   1.0526527e-19
       4.8861861   1.0848656e-19
       4.9313974   1.1179370e-19
       4.9770271   1.1518830e-19
       5.0230790   1.1867235e-19
       5.0695569   1.2224766e-19
       5.1164650   1.2591554e-19
       5.1638070   1.2967783e-19
       5.2115871   1.3353648e-19
       5.2598094   1.3749329e-19
       5.3084778   1.4154950e-19
       5.3575965   1.4570715e-19
       5.4071698   1.4996808e-19
       5.4572017   1.5433395e-19
       5.5076965   1.5880613e-19
       5.5586586   1.6338664e-19
       5.6100923   1.6807742e-19
       5.6620018   1.7287989e-19
       5.7143917   1.7779557e-19
       5.7672663   1.8282645e-19
       5.8206301   1.8797442e-19
       5.8744878   1.9324072e-19
       5.9288437   1.9862699e-19
       5.9837027   2.0413522e-19
       6.0390692   2.0976726e-19
       6.0949480   2.1552415e-19
       6.1513439   2.2140775e-19
       6.2082615   2.2742001e-19
       6.2657059   2.3356247e-19
       6.3236817   2.3983625e-19
       6.3821940   2.4624330e-19
       6.4412478   2.5278559e-19
       6.5008479   2.5946429e-19
       6.5609995   2.6628092e-19
       6.6217077   2.7323733e-19
       6.6829776   2.8033547e-19
       6.7448144   2.8757629e-19
       6.8072234   2.9496162e-19
       6.8702099   3.0249328e-19
       6.9337791   3.1017319e-19
       6.9979366   3.1800211e-19
       7.0626877   3.2598241e-19
       7.1280380   3.3411602e-19
       7.1939929   3.4240456e-19
       7.2605581   3.5084894e-19
       7.3277392   3.5945203e-19
       7.3955419   3.6821599e-19
       7.4639720   3.7714173e-19
       7.5330353   3.8623113e-19
       7.6027376   3.9548731e-19
       7.6730849   4.0491244e-19
       7.7440831   4.1450732e-19
       7.8157382   4.2427484e-19
       7.8880563   4.3421821e-19
       7.9610436   4.4433975e-19
       8.0347063   4.5464030e-19
       8.1090505   4.6512370e-19
       8.1840826   4.7579388e-19
       8.2598090   4.8665301e-19
       8.3362361   4.9770229e-19
       8.4133703   5.0894665e-19
       8.4912183   5.2039101e-19
       8.5697865   5.3203653e-19
       8.6490818   5.4388581e-19
       8.7291108   5.5594510e-19
       8.8098802   5.6821925e-19
       8.8913971   5.8070981e-19
       8.9736681   5.9342077e-19
       9.0567005   6.0635940e-19
       9.1405011   6.1953078e-19
       9.2250771   6.3293686e-19
       9.3104357   6.4658316e-19
       9.3965841   6.6047810e-19
       9.4835296   6.7462681e-19
       9.5712796   6.8903192e-19
       9.6598416   7.0370060e-19
       9.7492230   7.1864272e-19
       9.8394314   7.3386227e-19
       9.9304746   7.4936376e-19
       10.022360   7.6515632e-19
       10.115096   7.8124934e-19
       10.208690   7.9764750e-19
       10.303150   8.1435697e-19
       10.398483   8.3138819e-19
       10.494699   8.4875033e-19
       10.591806   8.6644839e-19
       10.689810   8.8449048e-19
       10.788722   9.0288756e-19
       10.888549   9.2164867e-19
       10.989299   9.4077900e-19
       11.090982   9.6028838e-19
       11.193606   9.8018833e-19
       11.297179   1.0004869e-18
       11.401710   1.0211898e-18
       11.507209   1.0423091e-18
       11.613684   1.0638539e-18
       11.721144   1.0858331e-18
       11.829598   1.1082519e-18
       11.939056   1.1311239e-18
       12.049527   1.1544561e-18
       12.161020   1.1782570e-18
       12.273545   1.2025314e-18
       12.387110   1.2272932e-18
       12.501727   1.2525474e-18
       12.617404   1.2783017e-18
       12.734151   1.3045601e-18
       12.851979   1.3313353e-18
       12.970897   1.3586313e-18
       13.090915   1.3864537e-18
       13.212044   1.4148058e-18
       13.334293   1.4436960e-18
       13.457674   1.4731296e-18
       13.582196   1.5031090e-18
       13.707871   1.5336359e-18
       13.834708   1.5647137e-18
       13.962719   1.5963483e-18
       14.091915   1.6285397e-18
       14.222306   1.6612868e-18
       14.353903   1.6945879e-18
       14.486718   1.7284482e-18
       14.620762   1.7628667e-18
       14.756046   1.7978378e-18
       14.892582   1.8333551e-18
       15.030382   1.8694210e-18
       15.169456   1.9060349e-18
       15.309817   1.9431861e-18
       15.451477   1.9808637e-18
       15.594448   2.0190670e-18
       15.738742   2.0577937e-18
       15.884370   2.0970310e-18
       16.031347   2.1367624e-18
       16.179683   2.1769844e-18
       16.329392   2.2176903e-18
       16.480486   2.2588669e-18
       16.632978   2.3004930e-18
       16.786881   2.3425611e-18
       16.942208   2.3850609e-18
       17.098972   2.4279750e-18
       17.257187   2.4712831e-18
       17.416866   2.5149711e-18
       17.578022   2.5590249e-18
       17.740669   2.6034245e-18
       17.904822   2.6481456e-18
       18.070493   2.6931732e-18
       18.237697   2.7384877e-18
       18.406449   2.7840669e-18
       18.576761   2.8298790e-18
       18.748650   2.8759092e-18
       18.922129   2.9221365e-18
       19.097214   2.9685302e-18
       19.273918   3.0150563e-18
       19.452257   3.0616953e-18
       19.632247   3.1084284e-18
       19.813902   3.1552153e-18
       19.997237   3.2020225e-18
       20.182270   3.2488195e-18
       20.369014   3.2955893e-18
       20.557486   3.3422889e-18
       20.747702   3.3888824e-18
       20.939678   3.4353268e-18
       21.133431   3.4816087e-18
       21.328976   3.5276764e-18
       21.526331   3.5734973e-18
       21.725511   3.6190197e-18
       21.926535   3.6642227e-18
       22.129419   3.7090564e-18
       22.334180   3.7534819e-18
       22.540835   3.7974499e-18
       22.749403   3.8409236e-18
       22.959901   3.8838640e-18
       23.172346   3.9262104e-18
       23.386757   3.9679320e-18
       23.603152   4.0089719e-18
       23.821549   4.0492938e-18
       24.041967   4.0888307e-18
       24.264425   4.1275505e-18
       24.488941   4.1653979e-18
       24.715534   4.2023242e-18
       24.944224   4.2382708e-18
       25.175030   4.2731909e-18
       25.407972   4.3070344e-18
       25.643069   4.3397502e-18
       25.880342   4.3712784e-18
       26.119809   4.4015657e-18
       26.361493   4.4305569e-18
       26.605413   4.4582148e-18
       26.851590   4.4844602e-18
       27.100045   4.5092511e-18
       27.350798   4.5325329e-18
       27.603872   4.5542502e-18
       27.859287   4.5743407e-18
       28.117066   4.5927601e-18
       28.377230   4.6094626e-18
       28.639802   4.6243758e-18
       28.904802   4.6374443e-18
       29.172255   4.6486274e-18
       29.442183   4.6578893e-18
       29.714608   4.6651578e-18
       29.989554   4.6703656e-18
       30.267044   4.6734825e-18
       30.547101   4.6744968e-18
       30.829750   4.6733321e-18
       31.115014   4.6699227e-18
       31.402918   4.6642246e-18
       31.693486   4.6562540e-18
       31.986742   4.6459652e-18
       32.282711   4.6332789e-18
       32.581420   4.6181574e-18
       32.882892   4.6005915e-18
       33.187154   4.5806296e-18
       33.494230   4.5581640e-18
       33.804149   4.5331677e-18
       34.116935   4.5056261e-18
       34.432615   4.4756098e-18
       34.751216   4.4430771e-18
       35.072765   4.4079823e-18
       35.397289   4.3703289e-18
       35.724816   4.3301443e-18
       36.055374   4.2875320e-18
       36.388990   4.2424045e-18
       36.725693   4.1947861e-18
       37.065512   4.1447091e-18
       37.408475   4.0922822e-18
       37.754611   4.0375299e-18
       38.103951   3.9804477e-18
       38.456522   3.9210917e-18
       38.812356   3.8595523e-18
       39.171482   3.7959409e-18
       39.533931   3.7302893e-18
       39.899734   3.6626518e-18
       40.268922   3.5931241e-18
       40.641526   3.5218327e-18
       41.017577   3.4489030e-18
       41.397108   3.3743841e-18
       41.780151   3.2983820e-18
       42.166738   3.2210316e-18
       42.556902   3.1424667e-18
       42.950676   3.0628400e-18
       43.348094   2.9822237e-18
       43.749189   2.9007589e-18
       44.153995   2.8186072e-18
       44.562547   2.7359130e-18
       44.974879   2.6528246e-18
       45.391027   2.5694522e-18
       45.811025   2.4859525e-18
       46.234909   2.4024695e-18
       46.662715   2.3191903e-18
       47.094480   2.2362262e-18
       47.530240   2.1537057e-18
       47.970032   2.0717875e-18
       48.413893   1.9905942e-18
       48.861861   1.9103184e-18
       49.313974   1.8310323e-18
       49.770271   1.7528706e-18
       50.230790   1.6759511e-18
       50.695569   1.6004025e-18
       51.164650   1.5263502e-18
       51.638070   1.4538605e-18
       52.115871   1.3830349e-18
       52.598094   1.3139513e-18
       53.084778   1.2467175e-18
       53.575965   1.1813886e-18
       54.071698   1.1180143e-18
       54.572017   1.0566445e-18
       55.076965   9.9732170e-19
       55.586586   9.4011300e-19
       56.100923   8.8501314e-19
       56.620018   8.3203986e-19
       57.143917   7.8119756e-19
       57.672663   7.3249721e-19
       58.206301   6.8594261e-19
       58.744878   6.4150052e-19
       59.288437   5.9914780e-19
       59.837027   5.5885640e-19
       60.390692   5.2060174e-19
       60.949480   4.8434224e-19
       61.513439   4.5002430e-19
       62.082615   4.1759731e-19
       62.657059   3.8700798e-19
       63.236817   3.5820956e-19
       63.821940   3.3113414e-19
       64.412478   3.0571596e-19
       65.008479   2.8189108e-19
       65.609995   2.5959515e-19
       66.217077   2.3876873e-19
       66.829776   2.1933687e-19
       67.448144   2.0123257e-19
       68.072234   1.8438970e-19
       68.702099   1.6874523e-19
       69.337791   1.5423607e-19
       69.979366   1.4079474e-19
       70.626877   1.2835986e-19
       71.280380   1.1687030e-19
       71.939929   1.0627459e-19
       72.605581   9.6513115e-20
       73.277392   8.7530940e-20
       73.955419   7.9276887e-20
       74.639720   7.1702090e-20
       75.330353   6.4762738e-20
       76.027376   5.8411366e-20
       76.730849   5.2606006e-20
       77.440831   4.7307001e-20
       78.157382   4.2477546e-20
       78.880563   3.8082932e-20
       79.610436   3.4088506e-20
       80.347063   3.0463164e-20
       81.090505   2.7177769e-20
       81.840826   2.4205790e-20
       82.598090   2.1521302e-20
       83.362361   1.9099977e-20
       84.133703   1.6919668e-20
       84.912183   1.4959797e-20
       85.697865   1.3201832e-20
       86.490818   1.1627288e-20
       87.291108   1.0219588e-20
       88.098802   8.9620522e-21
       88.913971   7.8439076e-21
       89.736681   6.8505301e-21
       90.567005   5.9694983e-21
       91.405011   5.1898035e-21
       92.250771   4.5013381e-21
       93.104357   3.8949400e-21
       93.965841   3.3620892e-21
       94.835296   2.8948633e-21
       95.712796   2.4861929e-21
       96.598416   2.1296440e-21
       97.492230   1.8194790e-21
       98.394314   1.5503024e-21
       99.304746   1.3172982e-21
       100.22360   1.1161637e-21
       101.15096   9.4303141e-22
       102.08690   7.9449310e-22
       103.03150   6.6736379e-22
       103.98483   5.5888302e-22
       104.94699   4.6659690e-22
       105.91806   3.8834301e-22
       106.89810   3.2220505e-22
       107.88722   2.6646666e-22
       108.88549   2.1848947e-22
       109.89299   1.7957682e-22
       110.90982   1.4709767e-22
       111.93606   1.2007781e-22
       112.97179   9.7674492e-23
       114.01710   7.9165580e-23
       115.07209   6.3929817e-23
       116.13684   5.1439970e-23
       117.21144   4.1234787e-23
       118.29598   3.2927831e-23
       119.39056   2.6192225e-23
       120.49527   2.0752761e-23
       121.61020   1.6378555e-23
       122.73545   1.2873775e-23
       123.87110   1.0077191e-23
       125.01727   7.8550462e-24
       126.17404   6.0972504e-24
       127.34151   4.7126768e-24
       128.51979   3.6265752e-24
       129.70897   2.7783968e-24
       130.90915   2.1190152e-24
       132.12044       0.0000000
       133.34293       0.0000000
       134.57674       0.0000000
       135.82196       0.0000000
       137.07871       0.0000000
       138.34708       0.0000000
       139.62719       0.0000000
       140.91915       0.0000000
       142.22306       0.0000000
       143.53903       0.0000000
       144.86718       0.0000000
       146.20762       0.0000000
       147.56046       0.0000000
       148.92582       0.0000000
       150.30382       0.0000000
       151.69456       0.0000000
       153.09817       0.0000000
       154.51477       0.0000000
       155.94448       0.0000000
       157.38742       0.0000000
       158.84370       0.0000000
       160.31347       0.0000000
       161.79683       0.0000000
       163.29392       0.0000000
       164.80486       0.0000000
       166.32978       0.0000000
       167.86881       0.0000000
       169.42208       0.0000000
       170.98972       0.0000000
       172.57187       0.0000000
       174.16866       0.0000000
       175.78022       0.0000000
       177.40669       0.0000000
       179.04822       0.0000000
       180.70493       0.0000000
       182.37697       0.0000000
       184.06449       0.0000000
       185.76761       0.0000000
       187.48650       0.0000000
       189.22129       0.0000000
       190.97214       0.0000000
       192.73918       0.0000000
       194.52257       0.0000000
       196.32247       0.0000000
       198.13902       0.0000000
       199.97237       0.0000000
       201.82270       0.0000000
       203.69014       0.0000000
       205.57486       0.0000000
       207.47702       0.0000000
       209.39678       0.0000000
       211.33431       0.0000000
       213.28976       0.0000000
       215.26331       0.0000000
       217.25511       0.0000000
       219.26535       0.0000000
       221.29419       0.0000000
       223.34180       0.0000000
       225.40835       0.0000000
       227.49403       0.0000000
       229.59901       0.0000000
       231.72346       0.0000000
       233.86757       0.0000000
       236.03152       0.0000000
       238.21549       0.0000000
       240.41967       0.0000000
       242.64425       0.0000000
       244.88941       0.0000000
       247.15534       0.0000000
       249.44224       0.0000000
       251.75030       0.0000000
       254.07972       0.0000000
       256.43069       0.0000000
       258.80342       0.0000000
       261.19809       0.0000000
       263.61493       0.0000000
       266.05413       0.0000000
       268.51590       0.0000000
       271.00045       0.0000000
       273.50798       0.0000000
       276.03872       0.0000000
       278.59287       0.0000000
       281.17066       0.0000000
       283.77230       0.0000000
       286.39802       0.0000000
       289.04802       0.0000000
       291.72255       0.0000000
       294.42183       0.0000000
       297.14608       0.0000000
       299.89554       0.0000000
       302.67044       0.0000000
       305.47101       0.0000000
       308.29750       0.0000000
       311.15014       0.0000000
       314.02918       0.0000000
       316.93486       0.0000000
       319.86742       0.0000000
       322.82711       0.0000000
       325.81420       0.0000000
       328.82892       0.0000000
       331.87154       0.0000000
       334.94230       0.0000000
       338.04149       0.0000000
       341.16935       0.0000000
       344.32615       0.0000000
       347.51216       0.0000000
       350.72765       0.0000000
       353.97289       0.0000000
       357.24816       0.0000000
       360.55374       0.0000000
       363.88990       0.0000000
       367.25693       0.0000000
       370.65512       0.0000000
       374.08475       0.0000000
       377.54611       0.0000000
       381.03951       0.0000000
       384.56522       0.0000000
       388.12356       0.0000000
       391.71482       0.0000000
       395.33931       0.0000000
       398.99734       0.0000000
       402.68922       0.0000000
       406.41526       0.0000000
       410.17577       0.0000000
       413.97108       0.0000000
       417.80151       0.0000000
       421.66738       0.0000000
       425.56902       0.0000000
       429.50676       0.0000000
       433.48094       0.0000000
       437.49189       0.0000000
       441.53995       0.0000000
       445.62547       0.0000000
       449.74879       0.0000000
       453.91027       0.0000000
       458.11025       0.0000000
       462.34909       0.0000000
       466.62715       0.0000000
       470.94480       0.0000000
       475.30240       0.0000000
       479.70032       0.0000000
       484.13893       0.0000000
       488.61861       0.0000000
       493.13974       0.0000000
       497.70271       0.0000000
