;============================ SPDUST.2 ===============================
;
;    Rotational emission from a population of spinning dust grains,
;    as described by Ali-Haimoud, Hirata & Dickinson, 2009, MNRAS, 395, 1055
;    and in Silsbee, Ali-Haimoud & Hirata, 2010
;    for an environment with parameters given below. 
;
;    nH = 1000.0000 cm^-3
;    T = 100.00000 K
;    Chi = 1000.0000
;    xh = 0.0010000000
;    xC = 0.00020000000
;    mu(1E-7 cm) = 9.67471 debye (this corresponds to beta = 0.40000001 debye)
;
;
    Diklike grains are asssumed to be randomly oriented with respect to their angular momentum vector.
;
;=====================================================================
;
;nu(GHz)       j_nu/nH(Jy sr-1 cm2/H)     
;
     0.050230790   3.2787002e-28
     0.050695569   3.4616379e-28
     0.051164650   3.6545680e-28
     0.051638070   3.8581769e-28
     0.052115871   4.0730526e-28
     0.052598094   4.2998102e-28
     0.053084778   4.5391000e-28
     0.053575965   4.7916099e-28
     0.054071698   5.0580620e-28
     0.054572017   5.3392169e-28
     0.055076965   5.6358784e-28
     0.055586586   5.9488945e-28
     0.056100923   6.2791536e-28
     0.056620018   6.6275952e-28
     0.057143917   6.9952136e-28
     0.057672663   7.3830474e-28
     0.058206301   7.7921946e-28
     0.058744878   8.2238163e-28
     0.059288437   8.6791307e-28
     0.059837027   9.1594189e-28
     0.060390692   9.6660352e-28
     0.060949480   1.0200680e-27
     0.061513439   1.0764320e-27
     0.062082615   1.1358790e-27
     0.062657059   1.1985765e-27
     0.063236817   1.2646986e-27
     0.063821940   1.3344297e-27
     0.064412478   1.4079646e-27
     0.065008479   1.4855076e-27
     0.065609995   1.5672730e-27
     0.066217077   1.6534876e-27
     0.066829776   1.7443907e-27
     0.067448144   1.8402317e-27
     0.068072234   1.9412743e-27
     0.068702099   2.0477981e-27
     0.069337791   2.1600936e-27
     0.069979366   2.2784676e-27
     0.070626877   2.4032447e-27
     0.071280380   2.5347650e-27
     0.071939929   2.6733846e-27
     0.072605581   2.8194799e-27
     0.073277392   2.9735003e-27
     0.073955419   3.1357585e-27
     0.074639720   3.3067399e-27
     0.075330353   3.4869081e-27
     0.076027376   3.6767429e-27
     0.076730849   3.8767510e-27
     0.077440831   4.0874684e-27
     0.078157382   4.3094562e-27
     0.078880563   4.5432999e-27
     0.079610436   4.7896192e-27
     0.080347063   5.0490691e-27
     0.081090505   5.3223261e-27
     0.081840826   5.6101066e-27
     0.082598090   5.9131707e-27
     0.083362361   6.2323034e-27
     0.084133703   6.5683320e-27
     0.084912183   6.9221324e-27
     0.085697865   7.2946200e-27
     0.086490818   7.6868347e-27
     0.087291108   8.0996140e-27
     0.088098802   8.5341078e-27
     0.088913971   8.9914112e-27
     0.089736681   9.4726841e-27
     0.090567005   9.9791589e-27
     0.091405011   1.0512103e-26
     0.092250771   1.1072851e-26
     0.093104357   1.1662813e-26
     0.093965841   1.2283466e-26
     0.094835296   1.2936336e-26
     0.095712796   1.3623038e-26
     0.096598416   1.4345288e-26
     0.097492230   1.5104830e-26
     0.098394314   1.5903516e-26
     0.099304746   1.6743315e-26
      0.10022360   1.7626242e-26
      0.10115096   1.8554547e-26
      0.10208690   1.9530208e-26
      0.10303150   2.0555692e-26
      0.10398483   2.1633405e-26
      0.10494699   2.2765891e-26
      0.10591806   2.3955864e-26
      0.10689810   2.5206053e-26
      0.10788722   2.6519359e-26
      0.10888549   2.7898869e-26
      0.10989299   2.9347730e-26
      0.11090982   3.0869226e-26
      0.11193606   3.2466845e-26
      0.11297179   3.4144231e-26
      0.11401710   3.5905086e-26
      0.11507209   3.7753336e-26
      0.11613684   3.9693372e-26
      0.11721144   4.1729010e-26
      0.11829598   4.3864865e-26
      0.11939056   4.6105674e-26
      0.12049527   4.8456238e-26
      0.12161020   5.0921534e-26
      0.12273545   5.3506857e-26
      0.12387110   5.6217750e-26
      0.12501727   5.9059762e-26
      0.12617404   6.2038799e-26
      0.12734151   6.5161214e-26
      0.12851979   6.8433215e-26
      0.12970897   7.1861406e-26
      0.13090915   7.5452863e-26
      0.13212044   7.9214702e-26
      0.13334293   8.3154234e-26
      0.13457674   8.7279260e-26
      0.13582196   9.1597974e-26
      0.13707871   9.6118413e-26
      0.13834708   1.0084917e-25
      0.13962719   1.0579955e-25
      0.14091915   1.1097846e-25
      0.14222306   1.1639539e-25
      0.14353903   1.2206054e-25
      0.14486718   1.2798410e-25
      0.14620762   1.3417638e-25
      0.14756046   1.4064845e-25
      0.14892582   1.4741200e-25
      0.15030382   1.5447818e-25
      0.15169456   1.6185895e-25
      0.15309817   1.6956748e-25
      0.15451477   1.7761595e-25
      0.15594448   1.8601738e-25
      0.15738742   1.9478586e-25
      0.15884370   2.0393536e-25
      0.16031347   2.1347968e-25
      0.16179683   2.2343377e-25
      0.16329392   2.3381362e-25
      0.16480486   2.4463377e-25
      0.16632978   2.5591006e-25
      0.16786881   2.6766020e-25
      0.16942208   2.7989994e-25
      0.17098972   2.9264604e-25
      0.17257187   3.0591698e-25
      0.17416866   3.1973080e-25
      0.17578022   3.3410475e-25
      0.17740669   3.4905777e-25
      0.17904822   3.6461059e-25
      0.18070493   3.8078068e-25
      0.18237697   3.9758754e-25
      0.18406449   4.1505366e-25
      0.18576761   4.3319775e-25
      0.18748650   4.5203971e-25
      0.18922129   4.7160206e-25
      0.19097214   4.9190653e-25
      0.19273918   5.1297253e-25
      0.19452257   5.3482207e-25
      0.19632247   5.5748035e-25
      0.19813902   5.9587049e-25
      0.19997237   6.2076290e-25
      0.20182270   6.4655236e-25
      0.20369014   6.7325864e-25
      0.20557486   7.0090350e-25
      0.20747702   7.2951267e-25
      0.20939678   7.5911081e-25
      0.21133431   7.8971732e-25
      0.21328976   8.2135567e-25
      0.21526331   8.5405515e-25
      0.21725511   8.8783231e-25
      0.21926535   9.2270903e-25
      0.22129419   9.5871444e-25
      0.22334180   9.9586700e-25
      0.22540835   1.0341855e-24
      0.22749403   1.0736950e-24
      0.22959901   1.1144199e-24
      0.23172346   1.1788002e-24
      0.23386757   1.2228426e-24
      0.23603152   1.2681965e-24
      0.23821549   1.3148703e-24
      0.24041967   1.3628816e-24
      0.24264425   1.4122595e-24
      0.24488941   1.4630169e-24
      0.24715534   1.5151650e-24
      0.24944224   1.5687254e-24
      0.25175030   1.6237201e-24
      0.25407972   1.6801513e-24
      0.25643069   1.7380320e-24
      0.25880342   1.7973929e-24
      0.26119809   1.8582286e-24
      0.26361493   1.9205463e-24
      0.26605413   1.9843709e-24
      0.26851590   2.0813195e-24
      0.27100045   2.1493447e-24
      0.27350798   2.2189339e-24
      0.27603872   2.2901061e-24
      0.27859287   2.3628466e-24
      0.28117066   2.4371588e-24
      0.28377230   2.5130738e-24
      0.28639802   2.5905700e-24
      0.28904802   2.6696429e-24
      0.29172255   2.7503151e-24
      0.29442183   2.8325805e-24
      0.29714608   2.9164214e-24
      0.29989554   3.0018448e-24
      0.30267044   3.0888699e-24
      0.30547101   3.1774632e-24
      0.30829750   3.3094661e-24
      0.31115014   3.4027883e-24
      0.31402918   3.4977313e-24
      0.31693486   3.5942825e-24
      0.31986742   3.6924689e-24
      0.32282711   3.7922855e-24
      0.32581420   3.8937054e-24
      0.32882892   3.9967375e-24
      0.33187154   4.1014162e-24
      0.33494230   4.2076991e-24
      0.33804149   4.3155824e-24
      0.34116935   4.4251233e-24
      0.34432615   4.5362875e-24
      0.34751216   4.7002101e-24
      0.35072765   4.8165604e-24
      0.35397289   4.9346513e-24
      0.35724816   5.0544609e-24
      0.36055374   5.1760154e-24
      0.36388990   5.2993855e-24
      0.36725693   5.4245384e-24
      0.37065512   5.5514895e-24
      0.37408475   5.6803373e-24
      0.37754611   5.8110712e-24
      0.38103951   5.9437034e-24
      0.38456522   6.1352296e-24
      0.38812356   6.2740074e-24
      0.39171482   6.4149039e-24
      0.39533931   6.5579775e-24
      0.39899734   6.7033567e-24
      0.40268922   6.8510422e-24
      0.40641526   7.0010857e-24
      0.41017577   7.1536427e-24
      0.41397108   7.3087526e-24
      0.41780151   7.4664681e-24
      0.42166738   7.6269155e-24
      0.42556902   7.7902230e-24
      0.42950676   7.9564326e-24
      0.43348094   8.1927261e-24
      0.43749189   8.3676615e-24
      0.44153995   8.5459473e-24
      0.44562547   8.7276836e-24
      0.44974879   8.9130845e-24
      0.45391027   9.1022641e-24
      0.45811025   9.2953274e-24
      0.46234909   9.4924497e-24
      0.46662715   9.6938437e-24
      0.47094480   9.8996078e-24
      0.47530240   1.0109899e-23
      0.47970032   1.0324988e-23
      0.48413893   1.0545002e-23
      0.48861861   1.0770094e-23
      0.49313974   1.1000533e-23
      0.49770271   1.1236520e-23
      0.50230790   1.1478225e-23
      0.50695569   1.1725867e-23
      0.51164650   1.1979752e-23
      0.51638070   1.2240052e-23
      0.52115871   1.2506979e-23
      0.52598094   1.2780879e-23
      0.53084778   1.3061981e-23
      0.53575965   1.3350505e-23
      0.54071698   1.3646780e-23
      0.54572017   1.3951122e-23
      0.55076965   1.4263794e-23
      0.55586586   1.4585076e-23
      0.56100923   1.4915389e-23
      0.56620018   1.5255016e-23
      0.57143917   1.5604258e-23
      0.57672663   1.5963558e-23
      0.58206301   1.6333289e-23
      0.58744878   1.6713784e-23
      0.59288437   1.7105465e-23
      0.59837027   1.7508807e-23
      0.60390692   1.7924220e-23
      0.60949480   1.8352094e-23
      0.61513439   1.8793009e-23
      0.62082615   1.9247424e-23
      0.62657059   1.9715787e-23
      0.63236817   2.0198697e-23
      0.63821940   2.0696730e-23
      0.64412478   2.1210411e-23
      0.65008479   2.1740322e-23
      0.65609995   2.2287156e-23
      0.66217077   2.2851562e-23
      0.66829776   2.3434119e-23
      0.67448144   2.4035634e-23
      0.68072234   2.4656836e-23
      0.68702099   2.5298413e-23
      0.69337791   2.5961207e-23
      0.69979366   2.6646082e-23
      0.70626877   2.7353871e-23
      0.71280380   2.8085413e-23
      0.71939929   2.8841715e-23
      0.72605581   2.9623781e-23
      0.73277392   3.0432499e-23
      0.73955419   3.1269017e-23
      0.74639720   3.2134445e-23
      0.75330353   3.3029855e-23
      0.76027376   3.3956465e-23
      0.76730849   3.4915542e-23
      0.77440831   3.5908391e-23
      0.78157382   3.6936254e-23
      0.78880563   3.8000599e-23
      0.79610436   3.9102940e-23
      0.80347063   4.0244651e-23
      0.81090505   4.1427394e-23
      0.81840826   4.2652826e-23
      0.82598090   4.3922603e-23
      0.83362361   4.5238512e-23
      0.84133703   4.6602411e-23
      0.84912183   4.8016301e-23
      0.85697865   4.9482040e-23
      0.86490818   5.1001787e-23
      0.87291108   5.2577789e-23
      0.88098802   5.4212164e-23
      0.88913971   5.5907350e-23
      0.89736681   5.7665791e-23
      0.90567005   5.9490023e-23
      0.91405011   6.1382683e-23
      0.92250771   6.3346517e-23
      0.93104357   6.5384533e-23
      0.93965841   6.7499521e-23
      0.94835296   6.9694684e-23
      0.95712796   7.1973328e-23
      0.96598416   7.4338684e-23
      0.97492230   7.6794351e-23
      0.98394314   7.9343944e-23
      0.99304746   8.1991289e-23
       1.0022360   8.4740283e-23
       1.0115096   8.7595021e-23
       1.0208690   9.0559964e-23
       1.0303150   9.3639300e-23
       1.0398483   9.6837779e-23
       1.0494699   1.0016028e-22
       1.0591806   1.0361167e-22
       1.0689810   1.0719727e-22
       1.0788722   1.1092243e-22
       1.0888549   1.1479289e-22
       1.0989299   1.1881439e-22
       1.1090982   1.2299305e-22
       1.1193606   1.2733543e-22
       1.1297179   1.3184782e-22
       1.1401710   1.3653724e-22
       1.1507209   1.4141089e-22
       1.1613684   1.4647607e-22
       1.1721144   1.5174059e-22
       1.1829598   1.5721242e-22
       1.1939056   1.6290006e-22
       1.2049527   1.6881199e-22
       1.2161020   1.7495733e-22
       1.2273545   1.8134568e-22
       1.2387110   1.8798647e-22
       1.2501727   1.9489003e-22
       1.2617404   2.0206695e-22
       1.2734151   2.0952815e-22
       1.2851979   2.1728507e-22
       1.2970897   2.2534950e-22
       1.3090915   2.3373403e-22
       1.3212044   2.4245115e-22
       1.3334293   2.5151434e-22
       1.3457674   2.6093768e-22
       1.3582196   2.7073521e-22
       1.3707871   2.8092209e-22
       1.3834708   2.9151387e-22
       1.3962719   3.0252676e-22
       1.4091915   3.1397752e-22
       1.4222306   3.2588351e-22
       1.4353903   3.3826329e-22
       1.4486718   3.5113525e-22
       1.4620762   3.6451917e-22
       1.4756046   3.7843570e-22
       1.4892582   3.9290564e-22
       1.5030382   4.0795110e-22
       1.5169456   4.2359492e-22
       1.5309817   4.3986107e-22
       1.5451477   4.5677401e-22
       1.5594448   4.7435915e-22
       1.5738742   4.9264380e-22
       1.5884370   5.1165502e-22
       1.6031347   5.3142159e-22
       1.6179683   5.5197375e-22
       1.6329392   5.7334221e-22
       1.6480486   5.9555918e-22
       1.6632978   6.1865796e-22
       1.6786881   6.4267390e-22
       1.6942208   6.6764262e-22
       1.7098972   6.9360120e-22
       1.7257187   7.2058962e-22
       1.7416866   7.4864751e-22
       1.7578022   7.7781669e-22
       1.7740669   8.0814136e-22
       1.7904822   8.3966655e-22
       1.8070493   8.7243905e-22
       1.8237697   9.0650734e-22
       1.8406449   9.4192320e-22
       1.8576761   9.7873842e-22
       1.8748650   1.0170069e-21
       1.8922129   1.0567870e-21
       1.9097214   1.0981365e-21
       1.9273918   1.1411160e-21
       1.9452257   1.1857898e-21
       1.9632247   1.2322238e-21
       1.9813902   1.2804855e-21
       1.9997237   1.3306455e-21
       2.0182270   1.3827792e-21
       2.0369014   1.4369618e-21
       2.0557486   1.4932712e-21
       2.0747702   1.5517922e-21
       2.0939678   1.6126088e-21
       2.1133431   1.6758086e-21
       2.1328976   1.7414849e-21
       2.1526331   1.8097333e-21
       2.1725511   1.8806513e-21
       2.1926535   1.9543413e-21
       2.2129419   2.0309125e-21
       2.2334180   2.1104731e-21
       2.2540835   2.1931362e-21
       2.2749403   2.2790245e-21
       2.2959901   2.3682592e-21
       2.3172346   2.4609664e-21
       2.3386757   2.5572814e-21
       2.3603152   2.6573421e-21
       2.3821549   2.7612886e-21
       2.4041967   2.8692692e-21
       2.4264425   2.9814410e-21
       2.4488941   3.0979599e-21
       2.4715534   3.2189885e-21
       2.4944224   3.3447043e-21
       2.5175030   3.4752810e-21
       2.5407972   3.6109001e-21
       2.5643069   3.7517565e-21
       2.5880342   3.8980481e-21
       2.6119809   4.0499764e-21
       2.6361493   4.2077543e-21
       2.6605413   4.3716078e-21
       2.6851590   4.5417598e-21
       2.7100045   4.7184435e-21
       2.7350798   4.9019154e-21
       2.7603872   5.0924228e-21
       2.7859287   5.2902251e-21
       2.8117066   5.4956039e-21
       2.8377230   5.7088410e-21
       2.8639802   5.9302251e-21
       2.8904802   6.1600601e-21
       2.9172255   6.3986709e-21
       2.9442183   6.6463750e-21
       2.9714608   6.9035056e-21
       2.9989554   7.1704309e-21
       3.0267044   7.4475019e-21
       3.0547101   7.7350895e-21
       3.0829750   8.0335966e-21
       3.1115014   8.3434251e-21
       3.1402918   8.6649860e-21
       3.1693486   8.9987109e-21
       3.1986742   9.3450684e-21
       3.2282711   9.7045048e-21
       3.2581420   1.0077496e-20
       3.2882892   1.0464569e-20
       3.3187154   1.0866221e-20
       3.3494230   1.1282979e-20
       3.3804149   1.1715416e-20
       3.4116935   1.2164107e-20
       3.4432615   1.2629632e-20
       3.4751216   1.3112602e-20
       3.5072765   1.3613691e-20
       3.5397289   1.4133524e-20
       3.5724816   1.4672778e-20
       3.6055374   1.5232203e-20
       3.6388990   1.5812503e-20
       3.6725693   1.6414425e-20
       3.7065512   1.7038776e-20
       3.7408475   1.7686383e-20
       3.7754611   1.8358051e-20
       3.8103951   1.9054652e-20
       3.8456522   1.9777146e-20
       3.8812356   2.0526409e-20
       3.9171482   2.1303398e-20
       3.9533931   2.2109173e-20
       3.9899734   2.2944738e-20
       4.0268922   2.3811134e-20
       4.0641526   2.4709498e-20
       4.1017577   2.5641020e-20
       4.1397108   2.6606815e-20
       4.1780151   2.7608114e-20
       4.2166738   2.8646274e-20
       4.2556902   2.9722534e-20
       4.2950676   3.0838231e-20
       4.3348094   3.1994857e-20
       4.3749189   3.3193844e-20
       4.4153995   3.4436639e-20
       4.4562547   3.5724834e-20
       4.4974879   3.7060123e-20
       4.5391027   3.8444058e-20
       4.5811025   3.9878370e-20
       4.6234909   4.1364952e-20
       4.6662715   4.2905577e-20
       4.7094480   4.4502090e-20
       4.7530240   4.6156569e-20
       4.7970032   4.7871075e-20
       4.8413893   4.9647593e-20
       4.8861861   5.1488364e-20
       4.9313974   5.3395738e-20
       4.9770271   5.5371924e-20
       5.0230790   5.7419325e-20
       5.0695569   5.9540561e-20
       5.1164650   6.1738150e-20
       5.1638070   6.4014657e-20
       5.2115871   6.6372956e-20
       5.2598094   6.8815972e-20
       5.3084778   7.1346426e-20
       5.3575965   7.3967466e-20
       5.4071698   7.6682352e-20
       5.4572017   7.9494174e-20
       5.5076965   8.2406255e-20
       5.5586586   8.5422251e-20
       5.6100923   8.8545722e-20
       5.6620018   9.1780120e-20
       5.7143917   9.5129512e-20
       5.7672663   9.8597937e-20
       5.8206301   1.0218918e-19
       5.8744878   1.0590756e-19
       5.9288437   1.0975765e-19
       5.9837027   1.1374379e-19
       6.0390692   1.1787039e-19
       6.0949480   1.2214264e-19
       6.1513439   1.2656553e-19
       6.2082615   1.3114371e-19
       6.2657059   1.3588275e-19
       6.3236817   1.4078834e-19
       6.3821940   1.4586577e-19
       6.4412478   1.5112070e-19
       6.5008479   1.5655967e-19
       6.5609995   1.6218873e-19
       6.6217077   1.6801374e-19
       6.6829776   1.7404181e-19
       6.7448144   1.8027997e-19
       6.8072234   1.8673461e-19
       6.8702099   1.9341303e-19
       6.9337791   2.0032342e-19
       6.9979366   2.0747299e-19
       7.0626877   2.1486924e-19
       7.1280380   2.2252111e-19
       7.1939929   2.3043724e-19
       7.2605581   2.3862540e-19
       7.3277392   2.4709485e-19
       7.3955419   2.5585586e-19
       7.4639720   2.6491702e-19
       7.5330353   2.7428775e-19
       7.6027376   2.8397938e-19
       7.6730849   2.9400216e-19
       7.7440831   3.0436596e-19
       7.8157382   3.1508217e-19
       7.8880563   3.2616355e-19
       7.9610436   3.3762030e-19
       8.0347063   3.4946439e-19
       8.1090505   3.6170998e-19
       8.1840826   3.7436901e-19
       8.2598090   3.8745384e-19
       8.3362361   4.0097883e-19
       8.4133703   4.1495929e-19
       8.4912183   4.2940749e-19
       8.5697865   4.4433838e-19
       8.6490818   4.5976940e-19
       8.7291108   4.7571482e-19
       8.8098802   4.9218958e-19
       8.8913971   5.0921167e-19
       8.9736681   5.2679909e-19
       9.0567005   5.4496720e-19
       9.1405011   5.6373400e-19
       9.2250771   5.8312046e-19
       9.3104357   6.0314378e-19
       9.3965841   6.2382216e-19
       9.4835296   6.4517794e-19
       9.5712796   6.6723133e-19
       9.6598416   6.9000170e-19
       9.7492230   7.1351071e-19
       9.8394314   7.3778340e-19
       9.9304746   7.6283985e-19
       10.022360   7.8870233e-19
       10.115096   8.1539754e-19
       10.208690   8.4294893e-19
       10.303150   8.7137968e-19
       10.398483   9.0071591e-19
       10.494699   9.3098707e-19
       10.591806   9.6221642e-19
       10.689810   9.9443018e-19
       10.788722   1.0276604e-18
       10.888549   1.0619342e-18
       10.989299   1.0972787e-18
       11.090982   1.1337241e-18
       11.193606   1.1713048e-18
       11.297179   1.2100485e-18
       11.401710   1.2499851e-18
       11.507209   1.2911504e-18
       11.613684   1.3335773e-18
       11.721144   1.3772978e-18
       11.829598   1.4223443e-18
       11.939056   1.4687563e-18
       12.049527   1.5165670e-18
       12.161020   1.5658105e-18
       12.273545   1.6165246e-18
       12.387110   1.6687483e-18
       12.501727   1.7225191e-18
       12.617404   1.7778722e-18
       12.734151   1.8348488e-18
       12.851979   1.8934905e-18
       12.970897   1.9538345e-18
       13.090915   2.0159208e-18
       13.212044   2.0797913e-18
       13.334293   2.1454913e-18
       13.457674   2.2130575e-18
       13.582196   2.2825337e-18
       13.707871   2.3539654e-18
       13.834708   2.4273965e-18
       13.962719   2.5028662e-18
       14.091915   2.5804181e-18
       14.222306   2.6601071e-18
       14.353903   2.7419691e-18
       14.486718   2.8260493e-18
       14.620762   2.9123937e-18
       14.756046   3.0010569e-18
       14.892582   3.0920746e-18
       15.030382   3.1854908e-18
       15.169456   3.2813640e-18
       15.309817   3.3797351e-18
       15.451477   3.4806484e-18
       15.594448   3.5841443e-18
       15.738742   3.6902930e-18
       15.884370   3.7991217e-18
       16.031347   3.9106769e-18
       16.179683   4.0250107e-18
       16.329392   4.1421808e-18
       16.480486   4.2622189e-18
       16.632978   4.3851683e-18
       16.786881   4.5110952e-18
       16.942208   4.6400389e-18
       17.098972   4.7720343e-18
       17.257187   4.9071313e-18
       17.416866   5.0453963e-18
       17.578022   5.1868579e-18
       17.740669   5.3315528e-18
       17.904822   5.4795440e-18
       18.070493   5.6308824e-18
       18.237697   5.7855943e-18
       18.406449   5.9437227e-18
       18.576761   6.1053363e-18
       18.748650   6.2704747e-18
       18.922129   6.4391601e-18
       19.097214   6.6114467e-18
       19.273918   6.7873972e-18
       19.452257   6.9670498e-18
       19.632247   7.1504204e-18
       19.813902   7.3375809e-18
       19.997237   7.5285783e-18
       20.182270   7.7234507e-18
       20.369014   7.9222181e-18
       20.557486   8.1249575e-18
       20.747702   8.3317105e-18
       20.939678   8.5425150e-18
       21.133431   8.7573984e-18
       21.328976   8.9764322e-18
       21.526331   9.1996661e-18
       21.725511   9.4271353e-18
       21.926535   9.6588738e-18
       22.129419   9.8949466e-18
       22.334180   1.0135418e-17
       22.540835   1.0380325e-17
       22.749403   1.0629703e-17
       22.959901   1.0883622e-17
       23.172346   1.1142148e-17
       23.386757   1.1405336e-17
       23.603152   1.1673215e-17
       23.821549   1.1945875e-17
       24.041967   1.2223371e-17
       24.264425   1.2505783e-17
       24.488941   1.2793140e-17
       24.715534   1.3085564e-17
       24.944224   1.3383087e-17
       25.175030   1.3685810e-17
       25.407972   1.3993785e-17
       25.643069   1.4307161e-17
       25.880342   1.4625955e-17
       26.119809   1.4950283e-17
       26.361493   1.5280219e-17
       26.605413   1.5615956e-17
       26.851590   1.5957494e-17
       27.100045   1.6304961e-17
       27.350798   1.6658475e-17
       27.603872   1.7018233e-17
       27.859287   1.7384270e-17
       28.117066   1.7756706e-17
       28.377230   1.8135715e-17
       28.639802   1.8521469e-17
       28.904802   1.8914070e-17
       29.172255   1.9313640e-17
       29.442183   1.9720390e-17
       29.714608   2.0134477e-17
       29.989554   2.0556034e-17
       30.267044   2.0985239e-17
       30.547101   2.1422317e-17
       30.829750   2.1867422e-17
       31.115014   2.2320687e-17
       31.402918   2.2782339e-17
       31.693486   2.3252644e-17
       31.986742   2.3731755e-17
       32.282711   2.4219807e-17
       32.581420   2.4717039e-17
       32.882892   2.5223696e-17
       33.187154   2.5740015e-17
       33.494230   2.6266129e-17
       33.804149   2.6802231e-17
       34.116935   2.7348606e-17
       34.432615   2.7905436e-17
       34.751216   2.8472899e-17
       35.072765   2.9051208e-17
       35.397289   2.9640574e-17
       35.724816   3.0241203e-17
       36.055374   3.0853219e-17
       36.388990   3.1476827e-17
       36.725693   3.2112199e-17
       37.065512   3.2759548e-17
       37.408475   3.3418985e-17
       37.754611   3.4090561e-17
       38.103951   3.4774474e-17
       38.456522   3.5470804e-17
       38.812356   3.6179778e-17
       39.171482   3.6901268e-17
       39.533931   3.7635392e-17
       39.899734   3.8382168e-17
       40.268922   3.9141771e-17
       40.641526   3.9914028e-17
       41.017577   4.0698916e-17
       41.397108   4.1496303e-17
       41.780151   4.2306390e-17
       42.166738   4.3128914e-17
       42.556902   4.3963661e-17
       42.950676   4.4810475e-17
       43.348094   4.5669226e-17
       43.749189   4.6539816e-17
       44.153995   4.7421911e-17
       44.562547   4.8315102e-17
       44.974879   4.9219218e-17
       45.391027   5.0133896e-17
       45.811025   5.1058924e-17
       46.234909   5.1993643e-17
       46.662715   5.2937737e-17
       47.094480   5.3890815e-17
       47.530240   5.4852416e-17
       47.970032   5.5822052e-17
       48.413893   5.6798999e-17
       48.861861   5.7782769e-17
       49.313974   5.8772676e-17
       49.770271   5.9768429e-17
       50.230790   6.0769299e-17
       50.695569   6.1774428e-17
       51.164650   6.2783033e-17
       51.638070   6.3794443e-17
       52.115871   6.4807997e-17
       52.598094   6.5823232e-17
       53.084778   6.6838937e-17
       53.575965   6.7854229e-17
       54.071698   6.8868415e-17
       54.572017   6.9880456e-17
       55.076965   7.0889859e-17
       55.586586   7.1895432e-17
       56.100923   7.2896111e-17
       56.620018   7.3891059e-17
       57.143917   7.4879179e-17
       57.672663   7.5859658e-17
       58.206301   7.6831314e-17
       58.744878   7.7793232e-17
       59.288437   7.8744092e-17
       59.837027   7.9682669e-17
       60.390692   8.0608200e-17
       60.949480   8.1519472e-17
       61.513439   8.2415256e-17
       62.082615   8.3294253e-17
       62.657059   8.4155137e-17
       63.236817   8.4996915e-17
       63.821940   8.5818227e-17
       64.412478   8.6618038e-17
       65.008479   8.7394645e-17
       65.609995   8.8146892e-17
       66.217077   8.8873722e-17
       66.829776   8.9573482e-17
       67.448144   9.0244977e-17
       68.072234   9.0886621e-17
       68.702099   9.1497168e-17
       69.337791   9.2075727e-17
       69.979366   9.2620529e-17
       70.626877   9.3130079e-17
       71.280380   9.3603245e-17
       71.939929   9.4038387e-17
       72.605581   9.4434511e-17
       73.277392   9.4790240e-17
       73.955419   9.5104349e-17
       74.639720   9.5375599e-17
       75.330353   9.5602510e-17
       76.027376   9.5783966e-17
       76.730849   9.5918450e-17
       77.440831   9.6004915e-17
       78.157382   9.6043238e-17
       78.880563   9.6032016e-17
       79.610436   9.5969910e-17
       80.347063   9.5855764e-17
       81.090505   9.5688747e-17
       81.840826   9.5468114e-17
       82.598090   9.5194421e-17
       83.362361   9.4866619e-17
       84.133703   9.4483577e-17
       84.912183   9.4044810e-17
       85.697865   9.3550055e-17
       86.490818   9.2999364e-17
       87.291108   9.2393532e-17
       88.098802   9.1731633e-17
       88.913971   9.1014374e-17
       89.736681   9.0241576e-17
       90.567005   8.9413631e-17
       91.405011   8.8531577e-17
       92.250771   8.7596186e-17
       93.104357   8.6607985e-17
       93.965841   8.5567727e-17
       94.835296   8.4477371e-17
       95.712796   8.3337679e-17
       96.598416   8.2150026e-17
       97.492230   8.0916114e-17
       98.394314   7.9637586e-17
       99.304746   7.8315944e-17
       100.22360   7.6953163e-17
       101.15096   7.5552466e-17
       102.08690   7.4114897e-17
       103.03150   7.2642981e-17
       103.98483   7.1139289e-17
       104.94699   6.9605913e-17
       105.91806   6.8045513e-17
       106.89810   6.6460817e-17
       107.88722   6.4855301e-17
       108.88549   6.3230986e-17
       109.89299   6.1591016e-17
       110.90982   5.9937796e-17
       111.93606   5.8274364e-17
       112.97179   5.6603481e-17
       114.01710   5.4928126e-17
       115.07209   5.3251939e-17
       116.13684   5.1577316e-17
       117.21144   4.9906692e-17
       118.29598   4.8242838e-17
       119.39056   4.6588406e-17
       120.49527   4.4946034e-17
       121.61020   4.3318377e-17
       122.73545   4.1708712e-17
       123.87110   4.0118491e-17
       125.01727   3.8549857e-17
       126.17404   3.7004933e-17
       127.34151   3.5485712e-17
       128.51979   3.3994048e-17
       129.70897   3.2532006e-17
       130.90915   3.1098768e-17
       132.12044   2.9700829e-17
       133.34293   2.8251708e-17
       134.57674   2.6931667e-17
       135.82196   2.4764608e-17
       137.07871   2.3592284e-17
       138.34708   2.2450804e-17
       139.62719   1.6929582e-17
       140.91915   1.6150842e-17
       142.22306   1.4195782e-46
       143.53903   3.7981516e-47
       144.86718   9.9244716e-48
       146.20762   2.5314906e-48
       147.56046   6.2977328e-49
       148.92582   1.5272251e-49
       150.30382   3.6099796e-50
       151.69456   8.3124139e-51
       153.09817   1.8628130e-51
       154.51477   4.0606099e-52
       155.94448   8.6100285e-53
       157.38742   1.7745386e-53
       158.84370   3.5518119e-54
       160.31347   6.9002287e-55
       161.79683   1.3013482e-55
       163.29392   2.3804201e-56
       164.80486   4.2197262e-57
       166.32978   7.2452453e-58
       167.86881   1.2052564e-58
       169.42208   1.9404076e-59
       170.98972   3.0209594e-60
       172.57187   4.5455173e-61
       174.16866   6.6124438e-62
       175.78022   9.2873653e-63
       177.40669   1.2563867e-63
       179.04822       0.0000000
       180.70493       0.0000000
       182.37697       0.0000000
       184.06449       0.0000000
       185.76761       0.0000000
       187.48650       0.0000000
       189.22129       0.0000000
       190.97214       0.0000000
       192.73918       0.0000000
       194.52257       0.0000000
       196.32247       0.0000000
       198.13902       0.0000000
       199.97237       0.0000000
       201.82270       0.0000000
       203.69014       0.0000000
       205.57486       0.0000000
       207.47702       0.0000000
       209.39678       0.0000000
       211.33431       0.0000000
       213.28976       0.0000000
       215.26331       0.0000000
       217.25511       0.0000000
       219.26535       0.0000000
       221.29419       0.0000000
       223.34180       0.0000000
       225.40835       0.0000000
       227.49403       0.0000000
       229.59901       0.0000000
       231.72346       0.0000000
       233.86757       0.0000000
       236.03152       0.0000000
       238.21549       0.0000000
       240.41967       0.0000000
       242.64425       0.0000000
       244.88941       0.0000000
       247.15534       0.0000000
       249.44224       0.0000000
       251.75030       0.0000000
       254.07972       0.0000000
       256.43069       0.0000000
       258.80342       0.0000000
       261.19809       0.0000000
       263.61493       0.0000000
       266.05413       0.0000000
       268.51590       0.0000000
       271.00045       0.0000000
       273.50798       0.0000000
       276.03872       0.0000000
       278.59287       0.0000000
       281.17066       0.0000000
       283.77230       0.0000000
       286.39802       0.0000000
       289.04802       0.0000000
       291.72255       0.0000000
       294.42183       0.0000000
       297.14608       0.0000000
       299.89554       0.0000000
       302.67044       0.0000000
       305.47101       0.0000000
       308.29750       0.0000000
       311.15014       0.0000000
       314.02918       0.0000000
       316.93486       0.0000000
       319.86742       0.0000000
       322.82711       0.0000000
       325.81420       0.0000000
       328.82892       0.0000000
       331.87154       0.0000000
       334.94230       0.0000000
       338.04149       0.0000000
       341.16935       0.0000000
       344.32615       0.0000000
       347.51216       0.0000000
       350.72765       0.0000000
       353.97289       0.0000000
       357.24816       0.0000000
       360.55374       0.0000000
       363.88990       0.0000000
       367.25693       0.0000000
       370.65512       0.0000000
       374.08475       0.0000000
       377.54611       0.0000000
       381.03951       0.0000000
       384.56522       0.0000000
       388.12356       0.0000000
       391.71482       0.0000000
       395.33931       0.0000000
       398.99734       0.0000000
       402.68922       0.0000000
       406.41526       0.0000000
       410.17577       0.0000000
       413.97108       0.0000000
       417.80151       0.0000000
       421.66738       0.0000000
       425.56902       0.0000000
       429.50676       0.0000000
       433.48094       0.0000000
       437.49189       0.0000000
       441.53995       0.0000000
       445.62547       0.0000000
       449.74879       0.0000000
       453.91027       0.0000000
       458.11025       0.0000000
       462.34909       0.0000000
       466.62715       0.0000000
       470.94480       0.0000000
       475.30240       0.0000000
       479.70032       0.0000000
       484.13893       0.0000000
       488.61861       0.0000000
       493.13974       0.0000000
       497.70271       0.0000000
